	10317.000033729	10317.000041251	10317.000016493	10317.000051204	10317.000052041	10317.000014528	10317.000043200	10317.000040414	10317.000046111	10317.000022510	10317.000052274	10317.000062990	10317.000062082	10317.000041278	10317.000066594	10317.000043169	10317.000039600	10317.000035470	10317.000049819	10317.000069167	10317.000068291	10317.000040003	10317.000023965	10317.000047783	10317.000031484	10317.000062952	10317.000049934	10317.000069195	10317.000039516	10317.000031892	10317.000039978	10317.000041831	10317.000028819	10317.000052273	10317.000052421	10317.000045025	10317.000041334	10317.000037524	10317.000028820	10317.000041060	10317.000022952	10317.000051202	10317.000054099	10317.000035402	10317.000016349	10317.000052279	10317.000039525	10317.000043090	10317.000047833	10317.000028905	10317.000039953	10317.000023973	10317.000052430	10317.000046186	10317.000062954	10317.000039918	10317.000043218	10317.000052029	10317.000049730	10317.000021692	10317.000058489	10317.000062991	10317.000040130	10317.000040357	10317.000063023	10317.000052050	10317.000039554	10317.000066924	10317.000043117	10317.000039521	10317.000041522	10317.000034177	10317.000046085	10317.000033748	10317.000052324	10317.000031270	10317.000068300	10317.000054311	10317.000021693	10317.000041370	10317.000040033	10317.000040397	10317.000052270	10317.000034178	10317.000031348	10317.000052003	10317.000040157	10317.000051180	10317.000046112	10317.000039986	10317.000042738	10317.000039619	10317.000068288	10317.000046217
10317.000033729	0.0	0.567631108132	0.653277768068	0.596001325341	0.646849356913	0.554643909151	0.641296104132	0.566467428017	0.591561226157	0.55204166917	0.649663821665	0.617906290016	0.514373899277	0.614958107584	0.574053723164	0.603525414054	0.570542035559	0.566754457992	0.596685042754	0.593612120368	0.556466037182	0.547405045249	0.647632361477	0.603694789844	0.628856632406	0.542902886826	0.690452657039	0.589397214111	0.579754708965	0.57874464205	0.600971879683	0.576196993223	0.705745658008	0.547000487821	0.674978990998	0.608174723547	0.524966301511	0.657815350018	0.674624021602	0.570185291442	0.548795744084	0.658725651923	0.5597996567	0.619121026082	0.833636235214	0.618441357198	0.726054284831	0.608890740228	0.800328657555	0.536608030776	0.590892921212	0.57345103947	0.561685899962	0.560173109596	0.658089106026	0.639566264952	0.544999292493	0.680678655879	0.623194908318	0.559748147525	0.622847981208	0.588914294445	0.551576739456	0.533843422162	0.638140223172	0.608091896835	0.63441028175	0.613070576859	0.592445169791	0.522990772288	0.707433947597	0.581627378568	0.623757611356	0.598732974579	0.632328844743	0.551870610832	0.645464280266	0.60937958242	0.522715596904	0.818630849419	0.644699653219	0.595892265496	0.583985165097	0.586520853174	0.575792299035	0.604704494759	0.569728427764	0.568285214986	0.609852521019	0.575973527177	0.583543948247	0.572859392606	0.616666992306	0.596861975566
10317.000041251	0.567631108132	0.0	0.614869214831	0.545967130102	0.653101679971	0.589687186469	0.616643629829	0.599055152073	0.517552047714	0.538385248445	0.621395681401	0.618190310152	0.538492882794	0.53027473752	0.585260618361	0.589445510854	0.563388083136	0.574076906917	0.547520045691	0.57914682259	0.509400158457	0.531321460408	0.61482191412	0.587359141248	0.62317082863	0.612396777922	0.662704408707	0.588173709909	0.617681885821	0.525171004481	0.525951345865	0.614002785814	0.607646347682	0.542108368216	0.696114760045	0.582977666609	0.587122990231	0.70853037697	0.705311651762	0.524141617931	0.566575509025	0.635054515771	0.609359658685	0.614232053899	0.850722424696	0.627115223896	0.711808196953	0.560946273078	0.791106097235	0.608859287901	0.491593968801	0.574793784682	0.56279191589	0.537297704595	0.666442359289	0.595551217974	0.503552191915	0.651733282647	0.639078780041	0.490411807798	0.608493863989	0.607456347709	0.546798584142	0.501252149686	0.634193929092	0.614545601993	0.678433964645	0.60313637705	0.62881803346	0.587656294168	0.637983116112	0.574808450901	0.661746336711	0.595643645592	0.634435160418	0.622544546096	0.665081141771	0.577849768922	0.525810591311	0.79109012194	0.596902676108	0.597886502527	0.530450224841	0.5373770709	0.558393324874	0.635305376791	0.632381842031	0.522985988314	0.583097853963	0.603391994072	0.593704659338	0.587502942588	0.646711630383	0.571076155121
10317.000016493	0.653277768068	0.614869214831	0.0	0.6362656802	0.71662392827	0.647572166979	0.623405337609	0.654992480037	0.610535950064	0.672400604721	0.748880863479	0.644720125124	0.652525310632	0.511465628976	0.607161393241	0.60841549182	0.646060230171	0.645518649196	0.586931255668	0.631951710556	0.627172147093	0.64972749174	0.718966342645	0.703720046109	0.744031999373	0.672472320475	0.726332369124	0.68694529214	0.674413571987	0.666469774298	0.65225473751	0.706446191505	0.514808177621	0.578506515328	0.738257087849	0.675783054911	0.644710214602	0.741874169883	0.67775152795	0.522062376927	0.643539331255	0.652799985705	0.670189459163	0.688770842336	0.827448636852	0.731103451296	0.715790876168	0.610594410366	0.754423512041	0.640250446997	0.690912409884	0.701136424034	0.691026257882	0.602997904949	0.727740225297	0.593120238977	0.655316386201	0.68283281543	0.699177759006	0.651963890361	0.659603311437	0.623096357241	0.60398480349	0.615730752712	0.69295970877	0.708086219648	0.715790148552	0.730452375167	0.7311731964	0.647031408505	0.568388713213	0.695460581475	0.694667256281	0.662735827673	0.715984806667	0.631303896648	0.741380763106	0.606865254343	0.669466162423	0.77750745008	0.662685155457	0.697923468527	0.686468681892	0.604071536765	0.663458562148	0.697100708063	0.687423903582	0.635591140355	0.68575780883	0.64321403954	0.725202073051	0.67776273544	0.666123191012	0.686632340769
10317.000051204	0.596001325341	0.545967130102	0.6362656802	0.0	0.643447325601	0.574343103026	0.68858975241	0.605862534793	0.612133736618	0.554829651541	0.611992919341	0.469761362897	0.550792635719	0.545923824121	0.462811647474	0.551798072311	0.571362754411	0.577864167129	0.52488249183	0.607743618411	0.586692238368	0.557765688547	0.628888626271	0.580607257716	0.606020616602	0.573963146208	0.570813162168	0.512005550089	0.58166114219	0.545991439052	0.514540970376	0.553382498568	0.613736493147	0.4833827594	0.672110728945	0.543851175236	0.570729590413	0.707507757224	0.61285789829	0.469913193043	0.58630376172	0.612722302746	0.551461621941	0.636332447298	0.812455129086	0.654969719372	0.607980741228	0.646716210838	0.800461901841	0.539395624338	0.524111361834	0.585750444201	0.555478796437	0.518611811706	0.650398491021	0.529641658149	0.562429573847	0.593662122571	0.57721640485	0.495991328997	0.593969474562	0.522767108839	0.57118861745	0.497032806632	0.50550566674	0.614939102527	0.674594394644	0.657240819724	0.6590619031	0.54118172448	0.643807435115	0.587132567056	0.656943020107	0.593274575565	0.664356105278	0.523338456043	0.695120464064	0.56702229822	0.556029085192	0.821699846913	0.598563760874	0.60042510157	0.552971449941	0.490480344697	0.524605825676	0.67741431639	0.603193826948	0.554909782766	0.514660629599	0.577138580747	0.63942318802	0.528435112999	0.618666222481	0.517195394517
10317.000052041	0.646849356913	0.653101679971	0.71662392827	0.643447325601	0.0	0.56227811101	0.646122779877	0.620788312942	0.662761117427	0.583287685317	0.693657669356	0.657442460181	0.588671607332	0.67712104569	0.670586367343	0.69707135879	0.634131737003	0.620162119843	0.686268574059	0.671623333261	0.65185276886	0.559604931625	0.625628089384	0.574864898152	0.612688315355	0.653727318319	0.690732256518	0.62849365403	0.68167325785	0.633967490175	0.683070734299	0.599641422308	0.716528366984	0.629407313156	0.6033485028	0.605289769337	0.631616619565	0.647045039583	0.706638790692	0.665783806467	0.591790251227	0.681841303392	0.671050162389	0.638539303985	0.845993769928	0.603222436097	0.752311291866	0.614352051162	0.804366924149	0.616821457877	0.646691799989	0.63287922149	0.664107200735	0.603065009373	0.636057777929	0.688869346275	0.646032676845	0.721293337669	0.6571277498	0.625340772893	0.686312002265	0.652514132889	0.622593867455	0.57808105538	0.647897025564	0.637405156284	0.606646037169	0.682623991209	0.58976522204	0.616378165971	0.71248925305	0.628482454676	0.598495435027	0.551447611134	0.642497863404	0.675780993968	0.66629538914	0.660944818689	0.612011462817	0.815806352329	0.665252026465	0.61255946674	0.636406777261	0.637953387072	0.577052868226	0.647247493879	0.624312728927	0.651915942782	0.695272693181	0.668939711947	0.656211942704	0.602976301165	0.52890720724	0.69118956949
10317.000014528	0.554643909151	0.589687186469	0.647572166979	0.574343103026	0.56227811101	0.0	0.608754549353	0.532746694041	0.568510595203	0.515160376608	0.615370770753	0.584827607463	0.482736647057	0.63239606521	0.569736140603	0.61229962145	0.565442701455	0.602785126829	0.603117551222	0.614189187497	0.54965557351	0.526643753431	0.578548014999	0.55666999765	0.598126440901	0.619656814518	0.590748382875	0.478116967377	0.63382226342	0.516956331591	0.586301738535	0.545943800847	0.672098108856	0.558122264865	0.650525107006	0.537026568811	0.568868365527	0.643258236557	0.660836412524	0.592032294069	0.50143341653	0.617836654353	0.594330941357	0.607969662375	0.818042002944	0.56004827826	0.702862446304	0.591481025296	0.780056730896	0.558146068358	0.547318894526	0.569996922085	0.539427333201	0.519102074901	0.64380515638	0.619859811146	0.572034658537	0.650835298816	0.626798033536	0.533940924723	0.597581959514	0.535279726173	0.544495835152	0.462274162969	0.57782354581	0.597299625586	0.5780036934	0.621219287884	0.58854216892	0.507690625392	0.633497019527	0.582444893859	0.581086324995	0.493785793613	0.620490315355	0.584504361789	0.676507798007	0.583328471916	0.524415186009	0.79354527886	0.586440909311	0.588686342765	0.57266235536	0.576382765853	0.534042291664	0.624357645285	0.509886216284	0.604622607226	0.629726387035	0.621394754341	0.563096876319	0.505177916714	0.561818827071	0.595094633784
10317.000043200	0.641296104132	0.616643629829	0.623405337609	0.68858975241	0.646122779877	0.608754549353	0.0	0.578954597181	0.656957674846	0.641402725623	0.736821203762	0.729518695238	0.609041265643	0.621540561755	0.697720079704	0.70581638903	0.607459997776	0.542027705134	0.654482805306	0.63440385882	0.601358534737	0.609130970584	0.691240162748	0.660215092399	0.642167877707	0.666417147981	0.784962448842	0.652380115779	0.641344140222	0.654769202059	0.716361588431	0.691017459568	0.684692572184	0.647975279427	0.634136193299	0.654058954444	0.606823965182	0.606152996214	0.754367270823	0.596555911906	0.628119052886	0.72187289437	0.68056255563	0.581687733305	0.891382309956	0.585046868756	0.806189274163	0.478297297786	0.847410950784	0.61778123066	0.693132401846	0.630559707867	0.676927444837	0.616622714729	0.680049303289	0.696510104312	0.648598816657	0.770573207229	0.677808797254	0.66653313291	0.691732725382	0.703465484114	0.55924277211	0.562264048975	0.757131428655	0.654357143383	0.534322746691	0.649548139137	0.603580383328	0.614221512462	0.700272250712	0.671142303875	0.57149352085	0.632770878992	0.647908530493	0.699056862717	0.627494982304	0.617077477232	0.62756993419	0.845147383699	0.734407130676	0.596750568464	0.667520597558	0.64650470009	0.544645385928	0.55158281735	0.593619194123	0.656077610648	0.7116681966	0.671972416451	0.668845991963	0.65080738869	0.605073401365	0.698725519865
10317.000040414	0.566467428017	0.599055152073	0.654992480037	0.605862534793	0.620788312942	0.532746694041	0.578954597181	0.0	0.566373327779	0.544976505306	0.65233665526	0.656914081388	0.510850683926	0.645134013263	0.592571590762	0.651243595105	0.518333052219	0.593017081608	0.619898860668	0.614573200048	0.577542202247	0.52892897327	0.653519026508	0.5866794823	0.575500922184	0.580395782339	0.736768405239	0.585193016352	0.5507129826	0.526394192111	0.583360228351	0.64202478431	0.71079831842	0.543335468505	0.616122093499	0.528431227478	0.570867073022	0.651873039308	0.733293833793	0.594693629105	0.614410004419	0.641975546812	0.627663309787	0.581797999692	0.877468916801	0.578896938646	0.764449319644	0.535716603383	0.848244517047	0.534495107973	0.6063982506	0.56418863839	0.631358109229	0.572731542861	0.635227859889	0.674806009414	0.565072918893	0.751819480003	0.631464726908	0.558733110709	0.627532284266	0.603345269254	0.551581798666	0.522756436485	0.665764043919	0.566194914436	0.579262286284	0.511320489741	0.592343521386	0.511121899352	0.741715642457	0.555266810016	0.61263078642	0.555291657574	0.588298887999	0.591262877639	0.591646814309	0.545115705947	0.583407913371	0.847710854933	0.672500740435	0.507979188417	0.611757334714	0.615020832243	0.518234246146	0.554543455906	0.539873679336	0.58651702477	0.61508260391	0.598173322161	0.615048981845	0.552226992288	0.614251881795	0.587874881272
10317.000046111	0.591561226157	0.517552047714	0.610535950064	0.612133736618	0.662761117427	0.568510595203	0.656957674846	0.566373327779	0.0	0.569990916581	0.600780941917	0.567928029577	0.549571853623	0.584729678589	0.587194605392	0.591457629375	0.577257046094	0.610811049495	0.538615876365	0.599558784565	0.579962413814	0.59438440204	0.611309718295	0.581076715851	0.671839576705	0.621227700714	0.669158168718	0.578425944561	0.595293521134	0.584855394863	0.562795355854	0.614738067616	0.642598985157	0.560216732302	0.701480592153	0.571335913392	0.592487407187	0.689188169234	0.63787983549	0.569593814879	0.584364302833	0.592009857792	0.609320820825	0.645315639753	0.838071013553	0.674245990483	0.738880102962	0.575040609112	0.811144874745	0.579183327287	0.532869916142	0.628280604377	0.613734135661	0.579562053073	0.706096564315	0.584518525161	0.589007881953	0.65147981281	0.674606693368	0.545136648117	0.634388819943	0.506838556971	0.522384839121	0.541635289593	0.626480418239	0.600304145525	0.698534292297	0.6241803697	0.645383654941	0.568010177247	0.639764188494	0.599916519526	0.667341443732	0.572932788246	0.599314078751	0.586716528467	0.652984654769	0.570900497436	0.597626151949	0.820041094059	0.585486609321	0.616435823898	0.624948108528	0.618710246051	0.611818272452	0.671703443202	0.58325184961	0.59868507718	0.592143272281	0.638939769795	0.634255839344	0.557474091992	0.628919708857	0.565389839352
10317.000022510	0.55204166917	0.538385248445	0.672400604721	0.554829651541	0.583287685317	0.515160376608	0.641402725623	0.544976505306	0.569990916581	0.0	0.617237897695	0.587921948738	0.516536824352	0.63842158488	0.570346417588	0.643792457669	0.540501057765	0.592014907323	0.627229931526	0.592305661997	0.57691533746	0.532552191665	0.57833163091	0.534788655097	0.63633180546	0.616518764455	0.650858825859	0.542608695485	0.549992794208	0.495182988994	0.59802600329	0.544060412346	0.680982975129	0.567231864654	0.652609792777	0.550218722895	0.541430466011	0.646339055795	0.644030289028	0.565143695644	0.556075845189	0.572974260015	0.632064579961	0.649569804463	0.862699811519	0.636697159171	0.713842575658	0.612653273191	0.799794657315	0.579390905718	0.57408949275	0.532502458906	0.620272100612	0.58725701632	0.660236682785	0.627024266297	0.547743190126	0.660609447249	0.651183515491	0.537764190935	0.655675501902	0.553076920644	0.507413392389	0.492310341554	0.587415568392	0.581849872661	0.619775383333	0.581789918069	0.577467255719	0.508166518615	0.714248288254	0.583388696512	0.628173342444	0.541475110853	0.636632501091	0.589942096708	0.674465856072	0.606183616326	0.524802215819	0.811834038785	0.607582211097	0.579241732745	0.566412415454	0.494758548561	0.56196667928	0.608876311323	0.560773153689	0.590491220731	0.634807299134	0.568708601635	0.597331796737	0.508068726652	0.631126438065	0.584669430967
10317.000052274	0.649663821665	0.621395681401	0.748880863479	0.611992919341	0.693657669356	0.615370770753	0.736821203762	0.65233665526	0.600780941917	0.617237897695	0.0	0.61069557415	0.66826805504	0.682993605338	0.623348257145	0.630409482806	0.637686998463	0.700513354479	0.602246559376	0.638631001634	0.630187437681	0.664128553017	0.662204637762	0.643893450093	0.689070559674	0.61236455434	0.631124473309	0.6486861449	0.566838936397	0.590804188637	0.624032561096	0.629980685245	0.727627218787	0.635501973769	0.714153448542	0.603459719801	0.653347801663	0.760408839881	0.65887439649	0.629273105056	0.657626375524	0.600023492661	0.653780012387	0.696800212595	0.859178645735	0.684870599732	0.746996049388	0.701107583157	0.847500044956	0.646210421662	0.560730387409	0.621381753088	0.646524777007	0.677133036086	0.712376509307	0.64357839416	0.585918431814	0.67014548748	0.605832436089	0.578706489839	0.632636131515	0.589052446674	0.583616144011	0.612002813327	0.635465311598	0.602822312778	0.722398404777	0.675557782087	0.703191288791	0.603262897898	0.718010024483	0.563617916676	0.71838287999	0.646592999077	0.670892541843	0.647830886917	0.682605131709	0.66038967384	0.635628402986	0.860714200822	0.596451435594	0.66887322375	0.646286839547	0.64494662668	0.623876462705	0.73613459159	0.667905758374	0.658396841018	0.571587788259	0.621140735911	0.645932509498	0.6275214096	0.681455878096	0.583569908261
10317.000062990	0.617906290016	0.618190310152	0.644720125124	0.469761362897	0.657442460181	0.584827607463	0.729518695238	0.656914081388	0.567928029577	0.587921948738	0.61069557415	0.0	0.582444594922	0.561845271275	0.544453046187	0.539418816224	0.60862208682	0.60585488769	0.513674863674	0.587108256508	0.607104522532	0.586430684591	0.661102832607	0.634011051142	0.667679573239	0.623115295159	0.512071397579	0.573953083219	0.584584895449	0.607800121021	0.556956002679	0.544245667086	0.591466679041	0.51742387179	0.726876262225	0.584154824409	0.5983649972	0.732148779369	0.498969736436	0.549043607238	0.588372360191	0.590159161367	0.553609344729	0.678379193161	0.785332071631	0.677498705458	0.579575846915	0.691775390136	0.789564142237	0.606376841334	0.533361844886	0.638975828138	0.625306566602	0.576840399216	0.666736837083	0.547029486698	0.610487684976	0.591994943869	0.614639313986	0.595026988154	0.614957298873	0.465239621024	0.586528677535	0.572196991587	0.490646542493	0.617907074536	0.694319356167	0.700409348422	0.682427577155	0.577915380461	0.609725405453	0.641776268385	0.68544160086	0.598106018369	0.658380809716	0.530732094495	0.702353446557	0.561419150321	0.583386432322	0.815820815861	0.514983120842	0.649045424984	0.617691371222	0.542311855087	0.60599414789	0.716331982561	0.616507260449	0.582374307639	0.612070558561	0.586768771505	0.677063797089	0.544004927463	0.642425047498	0.567949456646
10317.000062082	0.514373899277	0.538492882794	0.652525310632	0.550792635719	0.588671607332	0.482736647057	0.609041265643	0.510850683926	0.549571853623	0.516536824352	0.66826805504	0.582444594922	0.0	0.569651651754	0.558566988657	0.60137508319	0.507512667812	0.571413654318	0.554669199918	0.599179950275	0.534598951423	0.477812346313	0.597154447754	0.509585929123	0.585309960834	0.578916336426	0.654017389893	0.472795669762	0.585420319185	0.473628230079	0.552193624554	0.566482877951	0.670700223539	0.508812607902	0.652422245333	0.529617082225	0.556613140839	0.611683131055	0.65330927466	0.527905155069	0.548976281671	0.623129754231	0.537293569118	0.584801996411	0.839902173614	0.597061845321	0.685226956292	0.568453313119	0.797756166748	0.51488431432	0.517234780473	0.5840611751	0.515265585181	0.477710890931	0.583750668631	0.613245312591	0.543533560257	0.648447166043	0.590891223148	0.511237944631	0.600143114117	0.548391993563	0.547337033544	0.471308343992	0.588868213309	0.545528922036	0.586776131644	0.587668675068	0.535023863169	0.509827415336	0.667983195271	0.539242998727	0.573777073379	0.547289146406	0.595716025923	0.516262713531	0.612488664713	0.548540360949	0.494533558756	0.806521299483	0.581168283088	0.512981538047	0.485007182215	0.560584467577	0.522146073594	0.604280244699	0.520060741142	0.517984110716	0.585573032828	0.559403007719	0.589483641938	0.491500057183	0.571141799111	0.554307360305
10317.000041278	0.614958107584	0.53027473752	0.511465628976	0.545923824121	0.67712104569	0.63239606521	0.621540561755	0.645134013263	0.584729678589	0.63842158488	0.682993605338	0.561845271275	0.569651651754	0.0	0.540373769211	0.551665845666	0.595753745615	0.596274665667	0.481003359043	0.531002421543	0.543201433944	0.57165107589	0.652015520827	0.667913091053	0.675424046512	0.632778013242	0.678116112803	0.606328289156	0.63582830931	0.595473355972	0.549816125549	0.62870199021	0.469500436307	0.503254127404	0.729390953696	0.648189892656	0.620325642065	0.71955285264	0.634462277104	0.457347631653	0.593840749907	0.573521960603	0.575408054324	0.634095980943	0.829471825103	0.703610598028	0.663655163282	0.590596868037	0.7547388331	0.627496731729	0.572664135154	0.657000008705	0.616117324863	0.515557819636	0.667653770709	0.538755398617	0.563681780239	0.631800660939	0.625206377681	0.564837683428	0.62923086621	0.582237586861	0.575489947816	0.542516571926	0.650862843211	0.637037166369	0.689908411463	0.694644596129	0.698486705057	0.642493105238	0.536790740823	0.649328596203	0.683335619768	0.645701374341	0.675435903298	0.532237268421	0.691997785859	0.543220537228	0.584855139613	0.776298430349	0.606062431689	0.656271673559	0.613941925524	0.542191850752	0.602773034252	0.674387160472	0.636159109747	0.590987060212	0.615201803238	0.590540138179	0.6924399893	0.612259940834	0.63854541613	0.613970585705
10317.000066594	0.574053723164	0.585260618361	0.607161393241	0.462811647474	0.670586367343	0.569736140603	0.697720079704	0.592571590762	0.587194605392	0.570346417588	0.623348257145	0.544453046187	0.558566988657	0.540373769211	0.0	0.526383435738	0.550737486408	0.62269259395	0.531352478535	0.572981151391	0.596872106377	0.55723981466	0.614168841836	0.608847862699	0.630245847252	0.548793794709	0.563825021178	0.555093914194	0.607392641666	0.544780525967	0.530752298559	0.529827602834	0.583053667132	0.452212707542	0.685176322458	0.600887629548	0.58638738782	0.719729271969	0.638712695763	0.537260164758	0.602506954811	0.580530748051	0.618972813508	0.639535226661	0.805427590188	0.652186202342	0.60771537905	0.642469920318	0.751379199822	0.56879844199	0.596034714766	0.581669252893	0.582819415403	0.556269492172	0.655324916469	0.518969273689	0.566636167134	0.583630480961	0.573252114198	0.506252790909	0.573239036442	0.52540318437	0.583452544371	0.532949427224	0.545659024113	0.628234976193	0.687280107076	0.665167152985	0.660499531414	0.543276979564	0.59496457206	0.563585747272	0.669746607676	0.590772553901	0.677226755986	0.521508024736	0.683547394912	0.586596643674	0.560525876608	0.777386518849	0.564994855778	0.616067501882	0.571614864225	0.538588237618	0.546697832486	0.70259822634	0.603464551849	0.584566750556	0.526663261874	0.606993308013	0.641349115002	0.518415308228	0.60202257261	0.55077228373
10317.000043169	0.603525414054	0.589445510854	0.60841549182	0.551798072311	0.69707135879	0.61229962145	0.70581638903	0.651243595105	0.591457629375	0.643792457669	0.630409482806	0.539418816224	0.60137508319	0.551665845666	0.526383435738	0.0	0.579460038474	0.647437360217	0.435356557958	0.627818874091	0.632019247305	0.595312536055	0.689032828607	0.647789387899	0.676091054588	0.645744626053	0.603132503909	0.586683260395	0.63902129055	0.60563644996	0.573452723431	0.612867283579	0.633932327512	0.526004238675	0.744071312731	0.632153784746	0.622748283231	0.73304741753	0.624832491488	0.53898649877	0.626364649694	0.528468532209	0.541089861537	0.688141171528	0.7878623609	0.692213324013	0.564214545076	0.654518973733	0.775683405521	0.612296330607	0.609133789608	0.659169193121	0.643578412163	0.567041877847	0.672648668347	0.502364749676	0.581471169541	0.60024723907	0.616754332861	0.603560528503	0.599552615985	0.502145207598	0.630579009657	0.597511563747	0.605850538457	0.658712547987	0.71742562432	0.687581954512	0.685898730459	0.581439313916	0.621518797977	0.651125850091	0.697911678109	0.630745018278	0.668709326977	0.49459558024	0.708734708847	0.560733189713	0.606976708941	0.784539763161	0.526528122161	0.653761758794	0.621234546883	0.575764842537	0.635773229559	0.702076769529	0.674265720945	0.564242608775	0.536872743461	0.57588400308	0.689590301453	0.585917993519	0.64712262177	0.554748389369
10317.000039600	0.570542035559	0.563388083136	0.646060230171	0.571362754411	0.634131737003	0.565442701455	0.607459997776	0.518333052219	0.577257046094	0.540501057765	0.637686998463	0.60862208682	0.507512667812	0.595753745615	0.550737486408	0.579460038474	0.0	0.612720909805	0.559516935757	0.589774780547	0.600564373056	0.552738000398	0.644650295758	0.572346999361	0.62198207165	0.617373443129	0.697132183664	0.537950192066	0.553151960399	0.562196125673	0.580000331697	0.596970914195	0.67848361333	0.518716856934	0.661251254947	0.557529917262	0.537159126944	0.654701168417	0.655788006698	0.515008903905	0.600805325678	0.538531626732	0.559833870529	0.633281447956	0.856917935968	0.632945028209	0.717378442303	0.603896050844	0.814847046367	0.528530868267	0.567938436631	0.577922197758	0.615817116172	0.562272943489	0.649704826576	0.642908602777	0.536059850384	0.696546086405	0.615348438904	0.612502750593	0.57066146545	0.604055539467	0.526415354001	0.502703412423	0.637844417076	0.578713245416	0.598414008678	0.613967369237	0.632833509114	0.47851364202	0.680145841975	0.556596679043	0.605430405318	0.576396023452	0.610309863357	0.548742717862	0.669059198639	0.556549048046	0.578997928108	0.80802221192	0.625630884938	0.56301941563	0.563539943599	0.568761386909	0.549447005338	0.635750553445	0.58490362077	0.532451634449	0.591316543024	0.566468186553	0.63050057061	0.567147908345	0.596778320705	0.548783805885
10317.000035470	0.566754457992	0.574076906917	0.645518649196	0.577864167129	0.620162119843	0.602785126829	0.542027705134	0.593017081608	0.610811049495	0.592014907323	0.700513354479	0.60585488769	0.571413654318	0.596274665667	0.62269259395	0.647437360217	0.612720909805	0.0	0.593433929174	0.551407722427	0.550166304751	0.541418522972	0.648960257142	0.615532257696	0.597148256222	0.588083143645	0.710498385458	0.59503177805	0.559283942454	0.603993299857	0.623598219854	0.65173454866	0.653044484376	0.550807176163	0.616381704928	0.636925280909	0.542113070121	0.63230973372	0.676691599387	0.543624158533	0.602659344947	0.662746577647	0.620222361973	0.563459387629	0.883853283357	0.605292633885	0.723337216161	0.521307886184	0.841558815672	0.551830036274	0.642035410604	0.530912076118	0.623649498523	0.540523700777	0.601962847674	0.659735843433	0.571820746828	0.728825057739	0.645458040142	0.596117851234	0.672912379299	0.646459467652	0.513543178863	0.54156879996	0.640688400996	0.615181197794	0.574860954808	0.618426624275	0.60004606092	0.591137248531	0.68219273996	0.62301509062	0.564403809543	0.626902068947	0.619992724032	0.614316591832	0.583848127684	0.567539597701	0.531944207839	0.851524491563	0.67273283925	0.585455005454	0.635593219154	0.538604726945	0.504329782482	0.585386323388	0.556380259298	0.62190906291	0.666845298168	0.614530300671	0.632481242529	0.610848572891	0.589011050451	0.633621568803
10317.000049819	0.596685042754	0.547520045691	0.586931255668	0.52488249183	0.686268574059	0.603117551222	0.654482805306	0.619898860668	0.538615876365	0.627229931526	0.602246559376	0.513674863674	0.554669199918	0.481003359043	0.531352478535	0.435356557958	0.559516935757	0.593433929174	0.0	0.543719120397	0.528362246951	0.544741958605	0.623243780386	0.646051844127	0.643105830183	0.61707391532	0.607460262283	0.572684546927	0.583515218943	0.558314577434	0.557388003082	0.602411947853	0.594071402353	0.507983575364	0.712234978519	0.611462116022	0.574945129809	0.710794066509	0.614435141227	0.469679899235	0.565501520574	0.526382223833	0.542452351075	0.634604176028	0.816572634905	0.653838297721	0.627567264408	0.610370002123	0.781565965419	0.571131184588	0.553187633127	0.63007347527	0.606462639872	0.529056044972	0.690329964868	0.528461794363	0.539442325526	0.58843287513	0.584196119547	0.570320152873	0.602290343892	0.522009147036	0.538108374654	0.528563150719	0.580107035258	0.607302378089	0.686775209745	0.668938169377	0.679734516504	0.550529316056	0.57240123752	0.637297570985	0.656611999394	0.619106587719	0.631920350402	0.515334632299	0.672478351604	0.527747361614	0.562360352679	0.802745606194	0.51460505269	0.636778799537	0.580510723261	0.550953338924	0.578652758119	0.679602554125	0.591804476633	0.551452683475	0.546909574214	0.548875701511	0.673677393692	0.583983301776	0.605076094109	0.557122611235
10317.000069167	0.593612120368	0.57914682259	0.631951710556	0.607743618411	0.671623333261	0.614189187497	0.63440385882	0.614573200048	0.599558784565	0.592305661997	0.638631001634	0.587108256508	0.599179950275	0.531002421543	0.572981151391	0.627818874091	0.589774780547	0.551407722427	0.543719120397	0.0	0.557684099593	0.566301235787	0.603841084956	0.641007167159	0.586201792302	0.625175104518	0.700556789765	0.649702734235	0.599624561788	0.600546249438	0.588854115471	0.636719140643	0.639673698201	0.567017474836	0.694133589823	0.621153013027	0.547707778256	0.680933780671	0.68989336669	0.498407537278	0.626812638166	0.605248510052	0.62239372499	0.615153916623	0.861462951037	0.616239596927	0.713827945663	0.592076675163	0.82007407544	0.613705102774	0.601782771067	0.601212892432	0.661429440965	0.571232769875	0.670008752481	0.594574733149	0.521225438088	0.664648474524	0.608508814899	0.595874521991	0.653119684952	0.612757638366	0.566598244825	0.562171677477	0.67528745554	0.556592587319	0.62726490924	0.668816361284	0.668729559079	0.603539732453	0.653669326072	0.590043680449	0.645681502563	0.644619799781	0.652991187475	0.585072028511	0.664016679726	0.564130631311	0.589626160635	0.82501114804	0.657416175223	0.605046094463	0.60442848766	0.568456030211	0.558678438421	0.667964618661	0.602752664325	0.614847338809	0.628628914362	0.569088838103	0.66563236973	0.623454715297	0.614468987052	0.588742135598
10317.000068291	0.556466037182	0.509400158457	0.627172147093	0.586692238368	0.65185276886	0.54965557351	0.601358534737	0.577542202247	0.579962413814	0.57691533746	0.630187437681	0.607104522532	0.534598951423	0.543201433944	0.596872106377	0.632019247305	0.600564373056	0.550166304751	0.528362246951	0.557684099593	0.0	0.543242695702	0.594472783466	0.619108107437	0.639068799563	0.564084419921	0.696374375374	0.592481481719	0.580869872712	0.549382823186	0.557405515684	0.617332143748	0.654561930739	0.564394616065	0.662426375197	0.606419573037	0.575736743964	0.662278499225	0.671381288053	0.514987102621	0.550435499728	0.65479985462	0.618190334135	0.620153717664	0.873391999191	0.616374080886	0.711394602159	0.573627871321	0.827402906882	0.618682571926	0.516372224486	0.559278986529	0.571078935644	0.549643599064	0.642032398406	0.6205427128	0.547387065291	0.661664496835	0.648366635579	0.526209475922	0.612704823558	0.597859090549	0.578447295043	0.517442219405	0.64227915102	0.586559703418	0.61034565979	0.615697116998	0.642683039431	0.605676704789	0.646914624706	0.542257458043	0.62937427647	0.61338459377	0.66343558889	0.58627497449	0.5987091503	0.587615496807	0.49213744921	0.837672983392	0.643893092154	0.621454541462	0.564118669259	0.534542752543	0.553533547938	0.609306737783	0.549717517153	0.554375869062	0.604703337765	0.589918674733	0.611116750002	0.594321867997	0.63096200901	0.572838819824
10317.000040003	0.547405045249	0.531321460408	0.64972749174	0.557765688547	0.559604931625	0.526643753431	0.609130970584	0.52892897327	0.59438440204	0.532552191665	0.664128553017	0.586430684591	0.477812346313	0.57165107589	0.55723981466	0.595312536055	0.552738000398	0.541418522972	0.544741958605	0.566301235787	0.543242695702	0.0	0.620042707578	0.562893077159	0.575470582066	0.574437808546	0.661017386567	0.520126187009	0.631719358069	0.523959745071	0.565898573677	0.532764282061	0.6460516724	0.517078714614	0.652390290487	0.568331072551	0.52525549603	0.640756970754	0.641436821837	0.524768304601	0.551602996241	0.594766343832	0.577472911813	0.597954916701	0.836784909762	0.617824572551	0.664556802281	0.581418923967	0.799571183682	0.559168827517	0.557325587467	0.560224131479	0.578271785437	0.504797217719	0.571441831503	0.611288897564	0.529317320165	0.660269420481	0.574945105106	0.488065599301	0.580085503545	0.549816784337	0.555084425218	0.497406613336	0.573788183907	0.578389393954	0.612776086783	0.575753538994	0.575296321826	0.543422576752	0.661064991649	0.561161041418	0.589874957841	0.524033275195	0.617504947992	0.573120448622	0.6413580384	0.53380606327	0.462196564049	0.80750767665	0.625700789937	0.562792823099	0.500711479057	0.534226822622	0.51717115507	0.627564027205	0.547621625518	0.558337211831	0.609783227185	0.570018198204	0.591761117786	0.541612112042	0.592667829516	0.601267581169
10317.000023965	0.647632361477	0.61482191412	0.718966342645	0.628888626271	0.625628089384	0.578548014999	0.691240162748	0.653519026508	0.611309718295	0.57833163091	0.662204637762	0.661102832607	0.597154447754	0.652015520827	0.614168841836	0.689032828607	0.644650295758	0.648960257142	0.623243780386	0.603841084956	0.594472783466	0.620042707578	0.0	0.638252468615	0.683095373145	0.653782637927	0.684337209757	0.591898826808	0.666866517452	0.596096010268	0.640526816774	0.56212140137	0.713561864188	0.603181439926	0.697170762491	0.637954181723	0.635521812727	0.687318217568	0.688817553897	0.6417240063	0.546513295877	0.648439520179	0.701763539419	0.662191277234	0.856281596674	0.655089632837	0.772972546845	0.638501951873	0.779627127738	0.649654689941	0.603239179617	0.639742571305	0.629656336843	0.592741046459	0.711028468701	0.67817171548	0.637317408408	0.681561324796	0.664535862963	0.60900269055	0.712408628858	0.611544569856	0.604711035342	0.557778818266	0.623881634686	0.632588106059	0.644790368999	0.69646776306	0.626430962762	0.637266029747	0.625880320448	0.64167786144	0.646501766544	0.601536284557	0.687086235914	0.623315876792	0.689159777167	0.667656906873	0.578905905862	0.795432519699	0.640016105239	0.667006091214	0.587877934405	0.621923943367	0.556765550757	0.67209212922	0.575406879196	0.645268478082	0.655963344981	0.656905966055	0.656102362433	0.5910039263	0.63124191591	0.64143692397
10317.000047783	0.603694789844	0.587359141248	0.703720046109	0.580607257716	0.574864898152	0.55666999765	0.660215092399	0.5866794823	0.581076715851	0.534788655097	0.643893450093	0.634011051142	0.509585929123	0.667913091053	0.608847862699	0.647789387899	0.572346999361	0.615532257696	0.646051844127	0.641007167159	0.619108107437	0.562893077159	0.638252468615	0.0	0.609906806609	0.620752634188	0.656750151406	0.566795318287	0.626371482247	0.479917628136	0.633943439568	0.623796949039	0.72524397004	0.62427455321	0.645721772983	0.534934324668	0.589530651114	0.656522831988	0.688633035747	0.644788710648	0.588024893678	0.657628720402	0.649974179868	0.66280220142	0.877443790344	0.635198195962	0.687686192386	0.610202845847	0.839845702308	0.542878702692	0.594034999882	0.586035198901	0.609104821969	0.592696308487	0.598934082089	0.688902261295	0.597255134532	0.723340822894	0.609938118876	0.586318948536	0.624490367145	0.640096716224	0.644661912175	0.531715174905	0.642992048804	0.620490098259	0.637178979374	0.61662914018	0.634412156282	0.575221167629	0.751534960889	0.568661949263	0.607664638541	0.574463985419	0.65000846004	0.610475506778	0.663115902997	0.611395172284	0.577238911129	0.847836408094	0.611918831928	0.544354649349	0.582561258776	0.580257322691	0.574035638052	0.667563566432	0.60380142896	0.590065014089	0.593355055795	0.627135323388	0.621161767198	0.575844961678	0.596489206681	0.567758427824
10317.000031484	0.628856632406	0.62317082863	0.744031999373	0.606020616602	0.612688315355	0.598126440901	0.642167877707	0.575500922184	0.671839576705	0.63633180546	0.689070559674	0.667679573239	0.585309960834	0.675424046512	0.630245847252	0.676091054588	0.62198207165	0.597148256222	0.643105830183	0.586201792302	0.639068799563	0.575470582066	0.683095373145	0.609906806609	0.0	0.666129137368	0.710979445532	0.624541303049	0.602929917791	0.590852896752	0.631889838224	0.667380370094	0.729961534756	0.613169708139	0.631731784028	0.598422919713	0.616486880035	0.672718278027	0.742217950281	0.632279142659	0.648230019333	0.702200759454	0.636431704957	0.606403318441	0.861196060064	0.555491076776	0.735612458151	0.642395413174	0.843275287857	0.607310084415	0.623368918415	0.604498950185	0.640160101553	0.61617289971	0.540922936886	0.699060172434	0.602577212498	0.73250842715	0.634332757942	0.611525498647	0.67492191087	0.651676010755	0.636501390578	0.593097976513	0.694022524528	0.582902595539	0.598737820813	0.65407692869	0.6234307712	0.625297297449	0.731304012525	0.612494315058	0.591326547282	0.626048159502	0.584093358366	0.636733675749	0.59902227085	0.606792081854	0.613416715248	0.847696330999	0.694413391259	0.567578974935	0.604924801761	0.649519177869	0.593909402669	0.618082289205	0.632258255633	0.635896025422	0.631039166941	0.660257854763	0.667052694225	0.657483340518	0.569534037941	0.612954583462
10317.000062952	0.542902886826	0.612396777922	0.672472320475	0.573963146208	0.653727318319	0.619656814518	0.666417147981	0.580395782339	0.621227700714	0.616518764455	0.61236455434	0.623115295159	0.578916336426	0.632778013242	0.548793794709	0.645744626053	0.617373443129	0.588083143645	0.61707391532	0.625175104518	0.564084419921	0.574437808546	0.653782637927	0.620752634188	0.666129137368	0.0	0.683113362303	0.551966301737	0.597213172226	0.567605696494	0.604304311923	0.603594341528	0.654662765235	0.559071771925	0.638430745539	0.598263664168	0.581745910444	0.696137068792	0.649765046279	0.61568507621	0.61140927088	0.661099366317	0.628356849186	0.639112148963	0.850710873985	0.639804835309	0.686078202739	0.641531164134	0.822515927973	0.533703293157	0.605540341025	0.639144722455	0.613745289291	0.573935992626	0.659934419973	0.647844337018	0.58775826651	0.725209524623	0.643542596847	0.550160902507	0.609347643269	0.596253694749	0.616956430159	0.559444490576	0.650568051802	0.583145725603	0.651718639913	0.662062170826	0.624075656229	0.54505198934	0.715737104291	0.551052400601	0.656660711145	0.592187619518	0.694326275417	0.607393647173	0.637840049047	0.597860106018	0.595864783887	0.843994175976	0.65986809557	0.623867812278	0.595123079676	0.592748246185	0.542535360563	0.644194937022	0.575180460279	0.611182742809	0.597013975366	0.615188806323	0.596308825391	0.543246599833	0.636006576661	0.600931614001
10317.000049934	0.690452657039	0.662704408707	0.726332369124	0.570813162168	0.690732256518	0.590748382875	0.784962448842	0.736768405239	0.669158168718	0.650858825859	0.631124473309	0.512071397579	0.654017389893	0.678116112803	0.563825021178	0.603132503909	0.697132183664	0.710498385458	0.607460262283	0.700556789765	0.696374375374	0.661017386567	0.684337209757	0.656750151406	0.710979445532	0.683113362303	0.0	0.627806481627	0.698664711323	0.654915579252	0.647726068661	0.522897801275	0.671629036105	0.684347198065	0.767915162393	0.642915125415	0.718080935859	0.786365378329	0.635929401122	0.67122844951	0.63133718004	0.639652817783	0.659108250485	0.753241605743	0.711594009632	0.71134627914	0.528733905785	0.735836363607	0.739226027957	0.671967350341	0.595747741532	0.676325661495	0.623395433453	0.628725061548	0.738737442249	0.582788977143	0.702777695139	0.507898949434	0.643189980951	0.606949327011	0.667135945694	0.547866324592	0.65292462275	0.646737619875	0.527552193662	0.727687524477	0.757488141503	0.774797213946	0.729704781329	0.642212029667	0.639064887507	0.668896845218	0.746469623176	0.640782891032	0.724129932409	0.632003652062	0.77471138643	0.677514630576	0.600700111325	0.785583855166	0.465550466191	0.721438200283	0.583884569453	0.627778938507	0.697409391714	0.773244545392	0.689672199782	0.705976865106	0.62369357744	0.674486111795	0.718596418394	0.59011100175	0.706520864253	0.65145602244
