	10317.000033729	10317.000041251	10317.000016493	10317.000051204	10317.000052041	10317.000014528	10317.000043200	10317.000040414	10317.000046111	10317.000022510	10317.000052274	10317.000062990	10317.000062082	10317.000041278	10317.000066594	10317.000043169	10317.000039600	10317.000035470	10317.000049819	10317.000069167	10317.000068291	10317.000040003	10317.000023965	10317.000047783	10317.000031484	10317.000062952	10317.000049934	10317.000069195	10317.000039516	10317.000031892	10317.000039978	10317.000041831	10317.000028819	10317.000052273	10317.000052421	10317.000045025	10317.000041334	10317.000037524	10317.000028820	10317.000041060	10317.000022952	10317.000051202	10317.000054099	10317.000035402	10317.000016349	10317.000052279	10317.000039525	10317.000043090	10317.000047833	10317.000028905	10317.000039953	10317.000023973	10317.000052430	10317.000046186	10317.000062954	10317.000039918	10317.000043218	10317.000052029	10317.000049730	10317.000021692	10317.000058489	10317.000062991	10317.000040130	10317.000040357	10317.000063023	10317.000052050	10317.000039554	10317.000066924	10317.000043117	10317.000039521	10317.000041522	10317.000034177	10317.000046085	10317.000033748	10317.000052324	10317.000031270	10317.000068300	10317.000054311	10317.000021693	10317.000041370	10317.000040033	10317.000040397	10317.000052270	10317.000034178	10317.000031348	10317.000052003	10317.000040157	10317.000051180	10317.000046112	10317.000039986	10317.000042738	10317.000039619	10317.000068288	10317.000046217
10317.000033729	0.0	0.472417906604	0.484870211661	0.403596848475	0.684850433225	0.386513064536	0.5044179245	0.328129928653	0.302991470442	0.4094048747	0.260522277525	0.286092332113	0.351948307757	0.344375991321	0.316292690615	0.295466515911	0.263239642826	0.44293947226	0.287579321966	0.266427344892	0.604456527743	0.380411080065	0.378844817091	0.269234095477	0.596538254041	0.254066180982	0.463684725147	0.593559809094	0.38726091169	0.294057348035	0.336793356504	0.770569967567	0.397508719044	0.402768958763	0.438646505749	0.548307498282	0.318562694256	0.350591710575	0.568670415754	0.483029307607	0.264661597568	0.409290225414	0.50648487657	0.354336648225	0.874031908863	0.355612891848	0.712831456674	0.353572992837	0.580603453375	0.2753078533	0.254076888644	0.389609914926	0.531573717155	0.401667242399	0.676385107945	0.561350016838	0.582599848234	0.657581888919	0.61544737413	0.38912917363	0.392260357604	0.446576215599	0.264951711601	0.254632032465	0.527373345093	0.299839751392	0.409018740493	0.270598498251	0.355279399812	0.249923291209	0.47420021152	0.439264008211	0.452912085538	0.417141123638	0.318878771686	0.472675886549	0.456852302348	0.356647815726	0.552879638676	0.821493236949	0.28949955053	0.488833737358	0.634659890123	0.324712354619	0.438950752841	0.522110707734	0.466917525607	0.359675732514	0.399016040788	0.508386423322	0.280708141169	0.356387345028	0.379766214828	0.270213693815
10317.000041251	0.472417906604	0.0	0.422194992582	0.62779244082	0.643681809835	0.561948974696	0.343943499814	0.261943139285	0.244301725004	0.206564368661	0.415981929091	0.497612158809	0.336921272995	0.565948671567	0.453547873652	0.42267618231	0.501773587273	0.171637419998	0.488749117392	0.431044834182	0.376060573579	0.325248335612	0.467321416385	0.474483439905	0.502221023814	0.515158122344	0.251174947413	0.823947062454	0.551921737713	0.356152450791	0.554101233509	0.987113775345	0.560018003656	0.585817454176	0.534970174489	0.24587870664	0.337258778521	0.422813565178	0.779088542704	0.69641787731	0.404971833157	0.625371408723	0.394621248506	0.332586555845	0.828597938876	0.276924223554	0.902716039885	0.325398310905	0.775129846807	0.433115881679	0.372042418711	0.204906841064	0.333737965201	0.38766126303	0.628193188097	0.324724454056	0.278630865116	0.375809336036	0.837468909253	0.242529464481	0.561227524294	0.233081464749	0.489586382293	0.433844205311	0.744124465625	0.39056586529	0.41903060343	0.44230561467	0.433199612919	0.400341589223	0.591475576956	0.610989617561	0.414236861695	0.639455588441	0.340695197751	0.228148065537	0.448242787061	0.551304818357	0.32793175066	0.810443208466	0.510911110567	0.291063487744	0.529365811781	0.33099492326	0.637135784342	0.283773977073	0.26831478967	0.25355986142	0.582232312856	0.320340269809	0.463736881285	0.570791819071	0.584069408415	0.326854538696
10317.000016493	0.484870211661	0.422194992582	0.0	0.637107808193	0.660856756532	0.630419684086	0.358977144796	0.376415236477	0.389006397853	0.421835740022	0.515957228668	0.525479139514	0.41617940964	0.410783633	0.527835860578	0.486198267687	0.52549634951	0.390891544047	0.493614678354	0.509522732786	0.550623024627	0.416350058319	0.475023835566	0.541462682454	0.581337239601	0.543334754546	0.368132074853	0.806583213158	0.605602471374	0.46008300129	0.586418327077	0.955150663566	0.475587009736	0.647138722622	0.53510009818	0.481872753799	0.499122050052	0.472087190344	0.829112599202	0.6351482575	0.499818579946	0.6556816786	0.453655545759	0.399399680262	0.815653842542	0.399811925197	0.945694854691	0.389962737146	0.681201509743	0.467005164016	0.491227495	0.37254447969	0.474219607388	0.387838418004	0.676605842988	0.475342526288	0.492803403139	0.558641158729	0.88764212758	0.371260679838	0.639563290671	0.367522077956	0.49385652003	0.495790257379	0.784170463633	0.472438455396	0.479364519878	0.528913578377	0.467481050075	0.493482042974	0.5536948919	0.694553812875	0.434246043718	0.613861245962	0.441901347346	0.423907196022	0.495507623994	0.594662933074	0.447552979352	0.768514411806	0.556844910305	0.4353946208	0.588871592112	0.404453377086	0.633235015774	0.453465132352	0.380165019816	0.416883916912	0.646357181594	0.443944591347	0.518844993195	0.587808069742	0.595713696318	0.415081088858
10317.000051204	0.403596848475	0.62779244082	0.637107808193	0.0	0.730486543675	0.28580088504	0.679224846546	0.513484431626	0.478723283817	0.572538263158	0.356067228263	0.276552997879	0.519790947946	0.341712276073	0.340765359788	0.386784074432	0.303567217949	0.625391703419	0.307952881696	0.324437676646	0.813035808813	0.479048469021	0.542922214883	0.303357788169	0.670857178788	0.416077777618	0.584072849598	0.473010439812	0.355274338019	0.370074303829	0.276646999856	0.665881780457	0.427292891601	0.37997572067	0.517399267831	0.758463231904	0.525396267288	0.480723293442	0.374008376049	0.274976941227	0.360022503365	0.187678568284	0.67342214314	0.52043131994	0.95896572303	0.542986887349	0.4982840988	0.58143949376	0.643026735853	0.486303356103	0.346855869734	0.534804629058	0.708837591795	0.544218395351	0.717928406643	0.757152976055	0.751751154249	0.848145592101	0.395154614382	0.56736765027	0.33569127219	0.573974139217	0.304761601335	0.293124333572	0.319780572203	0.414861679351	0.504884842081	0.318366777728	0.529775179628	0.373532288506	0.585542359318	0.28820156343	0.636256408594	0.385537136868	0.4496564872	0.674205601638	0.589433230083	0.292288244695	0.7224351745	0.898827271861	0.308348480987	0.672236942775	0.762684179361	0.498010569543	0.37661752608	0.688394884874	0.684286670849	0.476383721508	0.256451325677	0.700388225365	0.341253647961	0.292612981498	0.343849142963	0.41770975529
10317.000052041	0.684850433225	0.643681809835	0.660856756532	0.730486543675	0.0	0.732667178505	0.539959040624	0.606129671668	0.668413639309	0.66730792632	0.735586760078	0.738946160096	0.653256572918	0.7323402664	0.737568178775	0.698320776064	0.673126161379	0.609307769201	0.723852385881	0.698382077508	0.658282530517	0.641519859995	0.744543129527	0.682467520504	0.627195492512	0.697697504961	0.621667486718	0.88176873806	0.74665151445	0.664487522085	0.707020767642	1.016378702	0.721058470919	0.730968898729	0.416612948809	0.593414816638	0.685221006841	0.590645625859	0.881440667405	0.798357657912	0.707363123953	0.76272785446	0.576346392278	0.620956670625	0.74213656046	0.624150133844	0.99147976781	0.582879143115	0.761255064884	0.616343077314	0.712527992081	0.615886341097	0.599682336408	0.629934152248	0.70605063913	0.597668116805	0.603675671368	0.681569562632	0.92621828495	0.619086931558	0.794154873511	0.597456572668	0.698133724603	0.681765438094	0.848268117325	0.671312459825	0.611237048981	0.677538524583	0.695914497387	0.687843346462	0.655319989757	0.762364990634	0.379020835453	0.760184219567	0.665403849114	0.600696170035	0.630730691918	0.711148777868	0.567509980788	0.471662864827	0.754134389266	0.583437180082	0.567158331477	0.637318622438	0.767863516211	0.546559071247	0.597490706893	0.670483630084	0.758257826642	0.605488937796	0.673964600516	0.715151776819	0.705708853677	0.665864784735
10317.000014528	0.386513064536	0.561948974696	0.630419684086	0.28580088504	0.732667178505	0.0	0.659935725276	0.494727739815	0.448480962724	0.53407235121	0.384553302644	0.304722664177	0.498991442553	0.409115505759	0.399047030717	0.418230240177	0.307655629449	0.57185332399	0.375532824355	0.34553855262	0.771716671122	0.490533552939	0.521878381397	0.329307932372	0.634710859181	0.377798438848	0.562672613978	0.477752867059	0.378566212693	0.399856214789	0.335059217092	0.67246513087	0.450349778074	0.417295508927	0.506435449344	0.699977401174	0.485860903136	0.452277568402	0.456002033585	0.348923057237	0.369119361438	0.318268020006	0.661231422916	0.48383935019	0.939044881953	0.47416922563	0.572708208438	0.527305176663	0.645146341187	0.467975718566	0.362513752877	0.495179924445	0.678194418229	0.593900470278	0.698544248995	0.738267427434	0.719011182642	0.832138757787	0.513255037017	0.530831843756	0.363311060066	0.54508301641	0.313301677272	0.32122779419	0.393311346353	0.394555709344	0.490505800499	0.325881274097	0.521703466773	0.402884667561	0.567751012515	0.319521963703	0.609483292258	0.357019939131	0.425803741564	0.636578415726	0.543666476249	0.310440985579	0.709502630248	0.88847854971	0.331652868928	0.634580780873	0.746156145649	0.477607675232	0.354792896176	0.662162434973	0.619493240819	0.462051309447	0.304188003856	0.691915593279	0.29272560962	0.253558969737	0.33114449451	0.411040572596
10317.000043200	0.5044179245	0.343943499814	0.358977144796	0.679224846546	0.539959040624	0.659935725276	0.0	0.321022473742	0.392439004211	0.379303001433	0.533402161315	0.574390257905	0.373745855111	0.550598024974	0.581426663305	0.517757299603	0.562980020573	0.307125433686	0.558893283399	0.518619177928	0.421289933149	0.368741078929	0.529142777454	0.546698984241	0.488609466927	0.549580727001	0.34702180449	0.875099509994	0.629645622208	0.437566119494	0.628030738742	1.03112308318	0.615661363283	0.678562062208	0.559782228288	0.33526132587	0.461224259628	0.437849987402	0.8806079502	0.744483803714	0.492519113979	0.706192897223	0.337537559177	0.372285388378	0.776757159775	0.322608520971	0.998789693499	0.318953365197	0.781000473315	0.457907264479	0.503968833942	0.305652710184	0.33497766091	0.379887404653	0.680930230598	0.374241931895	0.362955439042	0.466123173853	0.925713719738	0.340559134983	0.669482876074	0.347837283641	0.544653099496	0.488951720643	0.845496599632	0.481133634056	0.43029081675	0.493274292295	0.474082990116	0.471866835133	0.650505572449	0.697009414613	0.381489481167	0.66489678855	0.400681722788	0.307866184303	0.481423453384	0.615867187646	0.335454974011	0.742715927482	0.611260200591	0.272438472357	0.488603129712	0.370899564012	0.676859658802	0.267162986839	0.290155243452	0.391690668939	0.681754795816	0.321794116927	0.509263839057	0.625671348751	0.619929560606	0.412870536394
10317.000040414	0.328129928653	0.261943139285	0.376415236477	0.513484431626	0.606129671668	0.494727739815	0.321022473742	0.0	0.183901832555	0.233667012626	0.334552471665	0.403932971409	0.223911402564	0.465849989937	0.410465108555	0.329521450237	0.381942848858	0.233268632264	0.401956531183	0.363847539825	0.425764045077	0.224606193493	0.372567837969	0.364256622772	0.481480366439	0.403231735955	0.292028670854	0.704837535606	0.486579364611	0.269279069322	0.43995630312	0.900384740005	0.478319302221	0.509962580388	0.408508188355	0.350701156145	0.305718434811	0.293804591749	0.69249210417	0.611990282069	0.317256091526	0.541230598571	0.377639424551	0.24081541382	0.823418227952	0.188716051271	0.8410154088	0.257756342894	0.683177778637	0.328261417538	0.302248720379	0.198051166062	0.332610714391	0.280434022987	0.590188336482	0.38366652326	0.383438016858	0.49079151024	0.751078821533	0.231539755094	0.500772041532	0.278803773721	0.389289292674	0.322071421644	0.649959236581	0.303290109176	0.30809829687	0.324991506424	0.358105361204	0.298348160122	0.493901023722	0.521506600054	0.368224149673	0.511288955206	0.250672389957	0.284693715243	0.356394535066	0.457043652553	0.363636953524	0.79583556181	0.41584018471	0.280784584164	0.530800937156	0.204855164568	0.525121264271	0.321435907547	0.266256511553	0.218347675819	0.507267452929	0.332635281441	0.338958106817	0.45960322158	0.475138889041	0.234350979535
10317.000046111	0.302991470442	0.244301725004	0.389006397853	0.478723283817	0.668413639309	0.448480962724	0.392439004211	0.183901832555	0.0	0.229224761027	0.265022681931	0.32600048042	0.224759709257	0.404497574244	0.303639205712	0.258452903146	0.342698118239	0.237534475463	0.334117689531	0.28977166844	0.450638145327	0.226235994795	0.349047259141	0.319877334763	0.526232037422	0.3880186288	0.285941284616	0.68148922552	0.41068482436	0.223511599185	0.405164148189	0.868714343607	0.410582836959	0.444348491491	0.418232355585	0.366920658655	0.23489961676	0.32365933882	0.614761765775	0.53273527643	0.24683750986	0.468537700785	0.415448396199	0.266793906674	0.841691782074	0.224187409908	0.757340654797	0.299152454324	0.646408054584	0.287193513009	0.224267124453	0.19355476019	0.40378393978	0.328719778029	0.610406716872	0.387684756337	0.405962512891	0.492539067728	0.683113316245	0.243613371888	0.414581352617	0.267106561276	0.329913322107	0.300798349371	0.584079385606	0.239310717596	0.316731703999	0.317138820504	0.33604048053	0.243472870272	0.458078191953	0.468642253906	0.423527749956	0.512026364012	0.204447825401	0.293821597118	0.389297567868	0.388213932095	0.407443019637	0.818888129993	0.337179476116	0.361942355486	0.577678791423	0.213993727296	0.522036204215	0.365945335482	0.341860052443	0.152284300978	0.42957479502	0.37786768527	0.342854026993	0.43577996692	0.456769903986	0.181520826348
10317.000022510	0.4094048747	0.206564368661	0.421835740022	0.572538263158	0.66730792632	0.53407235121	0.379303001433	0.233667012626	0.229224761027	0.0	0.396805975591	0.464521977663	0.268854574034	0.511500065266	0.414240877051	0.3946357523	0.434064600371	0.269514484801	0.456238253258	0.409435964671	0.481637630649	0.29164196254	0.371197945262	0.428756925736	0.543887134793	0.455955045916	0.346408330917	0.720700729355	0.517331726585	0.30769878287	0.509256591192	0.886547204615	0.506357293271	0.550098523205	0.46137255416	0.347692658847	0.302998516405	0.374771360741	0.739278020628	0.628796725012	0.354655593604	0.586384318445	0.43421473282	0.29872677712	0.882638502715	0.25574819506	0.861387895564	0.337820859908	0.678763930908	0.392656796837	0.351281770041	0.233611860745	0.410203858398	0.343033969797	0.674343655302	0.424194734883	0.380774139228	0.472860613121	0.80088893701	0.295148757307	0.525025105384	0.337935040662	0.420758910227	0.37473371823	0.703027920998	0.362436185475	0.373803292391	0.386609498859	0.318987354546	0.338463561737	0.518659296285	0.571768611354	0.425961948461	0.531400137541	0.30560926097	0.325073869791	0.462606609427	0.515509811559	0.425903830869	0.844729980779	0.474724205523	0.355500018594	0.58197064754	0.268644665857	0.546317233949	0.347020213637	0.358845677915	0.220389471255	0.557954842599	0.41288173375	0.404646517621	0.502622264398	0.489005808923	0.291747680175
10317.000052274	0.260522277525	0.415981929091	0.515957228668	0.356067228263	0.735586760078	0.384553302644	0.533402161315	0.334552471665	0.265022681931	0.396805975591	0.0	0.189547422633	0.374934269087	0.305356571486	0.178691506286	0.23510252838	0.280846965718	0.41800265705	0.214532301863	0.151155137464	0.597262391276	0.340112840534	0.357540013748	0.215453548891	0.604204314636	0.34560689493	0.399800093242	0.608514157646	0.23126145953	0.195673339844	0.291019749204	0.783530289847	0.342767945661	0.336167758102	0.483585422594	0.545819385821	0.35369929059	0.373724372738	0.450650024909	0.384567215196	0.153607754317	0.313507495524	0.542445400407	0.351796881956	0.909133197079	0.349961442307	0.590025551205	0.424160844217	0.613551190996	0.376945080103	0.113236142665	0.350979051991	0.523289818479	0.45728099987	0.679633187912	0.559244382613	0.573343792249	0.668039047657	0.501962682306	0.350556587703	0.266674474656	0.407558991102	0.229323776897	0.229070427045	0.422482013998	0.258792559881	0.404281709486	0.227773221596	0.393648636463	0.188267253856	0.531480658438	0.315150861493	0.509842667504	0.449789404012	0.290614526246	0.484809816242	0.464318624969	0.28611334066	0.545710593038	0.885920340125	0.214694484622	0.511830209732	0.671199612159	0.309113066089	0.440555041015	0.540069511398	0.48781381712	0.294993156945	0.287247315783	0.516469865792	0.29296959516	0.348041571664	0.387703957933	0.220451066169
10317.000062990	0.286092332113	0.497612158809	0.525479139514	0.276552997879	0.738946160096	0.304722664177	0.574390257905	0.403932971409	0.32600048042	0.464521977663	0.189547422633	0.0	0.406242586666	0.259497700503	0.186321201449	0.256382641398	0.219790542223	0.477491974135	0.203851289715	0.174821278374	0.685667661571	0.383224480477	0.419932741747	0.203425605268	0.599489707181	0.331462004057	0.43550576206	0.527933587742	0.220883495297	0.249775169337	0.201380571648	0.712338425779	0.361579922398	0.314483514773	0.496657411784	0.603105749314	0.404228070766	0.428034753181	0.386005400447	0.314238434005	0.229875877392	0.23059236138	0.575174887824	0.424139466223	0.91676400362	0.420097170623	0.517524366634	0.451327838731	0.604586112911	0.417867329138	0.16790892765	0.409041031985	0.5869896868	0.507918528545	0.689356244236	0.629931744009	0.65139189102	0.726086213506	0.445280897912	0.457855556691	0.218456236672	0.450971700606	0.19198369601	0.23361678024	0.349965184196	0.308649598949	0.435633707003	0.212048773052	0.450942323937	0.250877960862	0.526667561024	0.250155472457	0.543063189749	0.373201135401	0.322227302249	0.531955073758	0.502191158748	0.207245672336	0.616255183837	0.883696013961	0.136047279253	0.567440359836	0.696188582266	0.359108305273	0.390712588336	0.595641233757	0.524922810506	0.341804851177	0.211614030079	0.567443885239	0.2773574097	0.260824232881	0.299448650461	0.259020743206
10317.000062082	0.351948307757	0.336921272995	0.41617940964	0.519790947946	0.653256572918	0.498991442553	0.373745855111	0.223911402564	0.224759709257	0.268854574034	0.374934269087	0.406242586666	0.0	0.473304502371	0.426372813101	0.334603886256	0.403702954031	0.327298919671	0.414729499347	0.372435904186	0.514867674907	0.229975856882	0.381119006653	0.359339819798	0.505959263719	0.430614444079	0.3578625415	0.706757863283	0.484627847797	0.283868932264	0.444291457585	0.896884688891	0.477629585081	0.513933005635	0.455313053809	0.411326544912	0.331531230121	0.351913685694	0.702984995239	0.601689832672	0.323743692967	0.553437621696	0.358366282469	0.300441192597	0.836173688249	0.246401360731	0.836407248789	0.319496456845	0.657289605932	0.368525501625	0.318230517381	0.257438841936	0.349697451576	0.305501372061	0.655076476391	0.460137386602	0.449673579181	0.546516705511	0.761624818099	0.312297297115	0.505644463518	0.339736880544	0.415506814886	0.354107561114	0.663826999883	0.321638037008	0.311642744036	0.349990736187	0.338033064898	0.317174225489	0.461284796953	0.541552141894	0.410144230541	0.523667455409	0.231135636381	0.353485593261	0.43634713862	0.469317311853	0.45101817758	0.81013347299	0.423836474242	0.316879502282	0.492134866487	0.227869469565	0.549133700465	0.350481828433	0.352342690544	0.215903537026	0.515428406381	0.388553771242	0.376732616819	0.461039533969	0.450971146588	0.25522272412
10317.000041278	0.344375991321	0.565948671567	0.410783633	0.341712276073	0.7323402664	0.409115505759	0.550598024974	0.465849989937	0.404497574244	0.511500065266	0.305356571486	0.259497700503	0.473304502371	0.0	0.293459647271	0.338989057229	0.292341106939	0.53917386293	0.246913330882	0.273838876161	0.727119252329	0.45549834035	0.459530123958	0.280027735241	0.629949956812	0.370900417532	0.498758371771	0.599699558167	0.324921063456	0.353584202496	0.308027564765	0.773206234982	0.305891745539	0.369426438271	0.505700027751	0.672744883527	0.4798343503	0.449767720363	0.513207833566	0.387319030169	0.334405769304	0.356476845419	0.623113730191	0.451103337526	0.90891279833	0.479253713691	0.645554035553	0.497619239333	0.579869310164	0.427821630504	0.29847341388	0.483259628975	0.6543981415	0.507147577798	0.701616736234	0.648888590913	0.688596244467	0.738894932165	0.571680828349	0.482588113687	0.375569975147	0.498154766441	0.266737121501	0.308240953377	0.483959712954	0.369210709367	0.463489034183	0.283064334223	0.477927570458	0.368575939753	0.510487745209	0.400661933237	0.574853016184	0.449652374494	0.40980176506	0.593158924085	0.52093597757	0.295800546721	0.621472031164	0.860973917652	0.289876779582	0.616738076515	0.72658540485	0.423663120498	0.463009710516	0.648856847407	0.57162144339	0.429286904284	0.370549997383	0.610305366614	0.349319466536	0.373435526966	0.378547585865	0.343796428671
10317.000066594	0.316292690615	0.453547873652	0.527835860578	0.340765359788	0.737568178775	0.399047030717	0.581426663305	0.410465108555	0.303639205712	0.414240877051	0.178691506286	0.186321201449	0.426372813101	0.293459647271	0.0	0.292942376637	0.296346483918	0.451556322175	0.208464930849	0.210022050035	0.651941447511	0.400285565002	0.392255158963	0.255132040032	0.628328266905	0.360598269736	0.437860451858	0.605192551378	0.22299511597	0.249630011658	0.279363729754	0.766103692195	0.3740530805	0.318294541821	0.520582179651	0.572819747555	0.372639448542	0.442024538933	0.421492370385	0.347661479457	0.19859198072	0.282655673164	0.563947843539	0.399057165889	0.91609955156	0.426914089546	0.535986542318	0.46649461204	0.593603763891	0.389601208851	0.18120218525	0.375583160593	0.615067511236	0.489260478776	0.71680228051	0.576669197123	0.596197693439	0.673365140802	0.478916691322	0.418857646589	0.204270511465	0.442246149562	0.247809338731	0.242014023557	0.386215849339	0.326409187721	0.452237383697	0.260963599982	0.400955091648	0.241037094861	0.534317023613	0.292609047126	0.538214502159	0.441999849467	0.358018853916	0.513100864331	0.524867695942	0.285900990507	0.582179477031	0.863188595183	0.217388745657	0.561939041154	0.698194500086	0.376921048554	0.43809359572	0.552774031823	0.545465345822	0.315160305383	0.262296403602	0.575720802992	0.317919654606	0.332849933686	0.389673369706	0.273553086155
10317.000043169	0.295466515911	0.42267618231	0.486198267687	0.386784074432	0.698320776064	0.418230240177	0.517757299603	0.329521450237	0.258452903146	0.3946357523	0.23510252838	0.256382641398	0.334603886256	0.338989057229	0.292942376637	0.0	0.300107542329	0.407163045571	0.245175011356	0.220355243537	0.560982241483	0.307837359799	0.378520619376	0.27917632454	0.52144493841	0.371700148512	0.406131382605	0.643338577587	0.297580980389	0.22247409225	0.291226450412	0.823873395136	0.349884171542	0.359633655417	0.439850460925	0.540923891282	0.343764922497	0.35125526661	0.515227735374	0.469546819317	0.222192286015	0.378127390225	0.487726503607	0.317804626269	0.841511690821	0.351432144806	0.64761688999	0.398948044889	0.583893037739	0.366728327331	0.21368998681	0.343472364276	0.50959456595	0.426973211595	0.581254411872	0.537420858849	0.566581573092	0.647335220079	0.568376856011	0.383181126532	0.364927628686	0.370154018335	0.31244978672	0.246951720553	0.491086915323	0.220377122363	0.322046981294	0.314452130081	0.401491528145	0.214673861023	0.451323654327	0.399825674866	0.490283782979	0.51670986829	0.263013968331	0.433089456893	0.391922125508	0.285499641077	0.552411307684	0.815450094245	0.279128470917	0.494461690333	0.638743779315	0.251155482929	0.508773262067	0.514545461539	0.484251541526	0.241075338599	0.329740723188	0.473144674911	0.351217659314	0.410792697233	0.411097573482	0.203890458815
10317.000039600	0.263239642826	0.501773587273	0.52549634951	0.303567217949	0.673126161379	0.307655629449	0.562980020573	0.381942848858	0.342698118239	0.434064600371	0.280846965718	0.219790542223	0.403702954031	0.292341106939	0.296346483918	0.300107542329	0.0	0.48146289936	0.303370812762	0.24826789166	0.698451979716	0.393736477728	0.430069036387	0.210390074905	0.573425363776	0.309566775846	0.474766015074	0.526152977039	0.288296129155	0.286121027177	0.236669166622	0.713445230461	0.361531933479	0.357345851125	0.416764994599	0.601576265597	0.39165202649	0.379469927656	0.475670628663	0.384240802843	0.288042202532	0.295803693514	0.569339361256	0.417523226805	0.898102063631	0.416399537491	0.616303025299	0.422267960914	0.566765092236	0.373610667692	0.262777503439	0.421126022529	0.596213597572	0.477989302824	0.643809629539	0.657018098841	0.63717014502	0.759790061685	0.504575458603	0.472591677511	0.317880087941	0.479085958579	0.193192350411	0.257026541737	0.438054080987	0.303525760421	0.394136199936	0.226163183308	0.430049903104	0.271171537435	0.467445842984	0.319697849293	0.498658337846	0.384514843998	0.331264789584	0.539980642155	0.479309257771	0.257536230095	0.637260188103	0.814693030724	0.27049440027	0.539275276333	0.65814238947	0.3834831473	0.380486254174	0.586285524237	0.539268927647	0.365532656407	0.296065014645	0.581140421308	0.275149337724	0.29458197728	0.291248113532	0.269928964442
10317.000035470	0.44293947226	0.171637419998	0.390891544047	0.625391703419	0.609307769201	0.57185332399	0.307125433686	0.233268632264	0.237534475463	0.269514484801	0.41800265705	0.477491974135	0.327298919671	0.53917386293	0.451556322175	0.407163045571	0.48146289936	0.0	0.471953909986	0.4042560737	0.35533894359	0.272449536409	0.440834406051	0.461632956412	0.476721931282	0.452212950254	0.251458216807	0.797911589037	0.540659942024	0.344334210454	0.543025995357	0.962662190116	0.538214822162	0.576559748007	0.493068910267	0.281102269902	0.319827203935	0.375371171299	0.762354877126	0.681779477932	0.392938808785	0.612654086139	0.371955315497	0.306749489494	0.816599885124	0.239005646884	0.894385790778	0.281912272416	0.755143430954	0.414121735405	0.377360928591	0.184773986418	0.323698835189	0.358527969606	0.582821692296	0.332235081699	0.312201339862	0.427316809651	0.820331112406	0.242134528981	0.555312505257	0.234844496355	0.471522487633	0.426072581669	0.730825275698	0.366603108864	0.366285308507	0.417196417565	0.415998497669	0.395056125092	0.568102254737	0.603759683682	0.369657525502	0.608632711618	0.324133600323	0.232646473166	0.393652868186	0.523002913457	0.315548573912	0.789807755218	0.496849263474	0.237228370624	0.519710859565	0.312564739976	0.60334353291	0.242693214382	0.22533458871	0.268836615416	0.577735693001	0.299104642075	0.424392838459	0.552369907904	0.543692113047	0.319119649487
10317.000049819	0.287579321966	0.488749117392	0.493614678354	0.307952881696	0.723852385881	0.375532824355	0.558893283399	0.401956531183	0.334117689531	0.456238253258	0.214532301863	0.203851289715	0.414729499347	0.246913330882	0.208464930849	0.245175011356	0.303370812762	0.471953909986	0.0	0.191213788033	0.613173377345	0.376746287068	0.378641198164	0.223901873781	0.568469005063	0.326141340055	0.456436281663	0.598472597182	0.254855498439	0.26924995554	0.249884918399	0.776191006086	0.348054505163	0.288680021094	0.487779927195	0.614755080505	0.398938394665	0.383102811745	0.489523424359	0.392323090748	0.250225394531	0.325782803616	0.55529456716	0.374439557427	0.886245326124	0.404784166575	0.598160667202	0.453716886205	0.568524504128	0.365542789044	0.211218104681	0.400380919487	0.568107676973	0.422920374101	0.657032479228	0.580089076154	0.610244580036	0.676309879155	0.546086583742	0.407056509797	0.308861984028	0.434716285169	0.247374297557	0.202454271326	0.455453668726	0.281036275209	0.399868538656	0.244428948687	0.430515656551	0.296092407004	0.516259005136	0.343957551277	0.529691671318	0.437805256386	0.349751177782	0.511750929972	0.457203962075	0.234867138025	0.57200086965	0.857267265699	0.20832597073	0.558804065827	0.678766510946	0.323315217806	0.442064448959	0.572761858505	0.54420863758	0.321528237064	0.287879818898	0.52992682027	0.306328744512	0.339096305983	0.353518263276	0.279747892689
10317.000069167	0.266427344892	0.431044834182	0.509522732786	0.324437676646	0.698382077508	0.34553855262	0.518619177928	0.363847539825	0.28977166844	0.409435964671	0.151155137464	0.174821278374	0.372435904186	0.273838876161	0.210022050035	0.220355243537	0.24826789166	0.4042560737	0.191213788033	0.0	0.605162664202	0.328113569686	0.373134786542	0.174126987996	0.537762951047	0.28975595226	0.430768238401	0.578269332973	0.214539337248	0.17297421003	0.240740353945	0.760082296086	0.318679164536	0.283691261721	0.431072769889	0.558040482317	0.348409074977	0.336782075729	0.460748749148	0.370865153566	0.19225481277	0.295880398452	0.526602074827	0.33274165657	0.877751797353	0.360868622789	0.570165956297	0.404334442976	0.576633552572	0.355466463549	0.150021349298	0.348698385196	0.567115091926	0.476870554171	0.614610158146	0.601622835578	0.57507199595	0.704576148381	0.495844743443	0.401441715397	0.268007056123	0.426996168658	0.201472886689	0.190735659325	0.4225983797	0.209502464972	0.343957232761	0.19189245715	0.397280725024	0.213691651465	0.497949731871	0.276539330122	0.476020715731	0.426027487348	0.280845368411	0.483430016509	0.403897748376	0.221687012365	0.583590577374	0.849932779569	0.220485566828	0.502027506831	0.645730478272	0.313604111149	0.400295922298	0.516774093559	0.500372076684	0.2880470509	0.252272466837	0.530357009232	0.27665319064	0.313533982041	0.322439225665	0.214489076542
10317.000068291	0.604456527743	0.376060573579	0.550623024627	0.813035808813	0.658282530517	0.771716671122	0.421289933149	0.425764045077	0.450638145327	0.481637630649	0.597262391276	0.685667661571	0.514867674907	0.727119252329	0.651941447511	0.560982241483	0.698451979716	0.35533894359	0.613173377345	0.605162664202	0.0	0.522744649569	0.570645435416	0.660131068163	0.501873900474	0.646719484948	0.450587410363	0.982464497514	0.638176200827	0.539360828073	0.673218363663	1.09525047522	0.740387409892	0.650728114285	0.682378781091	0.290446854669	0.581458080398	0.539610907784	0.970268894113	0.884043332851	0.588404893562	0.825069112284	0.451898751833	0.438024974853	0.734478656741	0.460170128788	1.08232364026	0.517086249035	0.882164558811	0.548073199794	0.572029738864	0.400938400862	0.343106804045	0.526564569121	0.655942311813	0.303947564043	0.278584488416	0.338061411784	1.0246641087	0.345306398315	0.754802217924	0.418351648932	0.6832983897	0.602054717628	0.939692802476	0.531497597665	0.528798406122	0.630046160897	0.574220024328	0.604305099922	0.737651837078	0.798922517438	0.515195766924	0.775473322699	0.549356297986	0.309243494948	0.457838673547	0.653760808834	0.293212951852	0.778198160432	0.675894897376	0.417277688151	0.448249094884	0.407318061555	0.767556037427	0.28047234612	0.381310119092	0.440203949362	0.716263670546	0.276316591672	0.643384778916	0.722432983811	0.747379438226	0.491903089137
10317.000040003	0.380411080065	0.325248335612	0.416350058319	0.479048469021	0.641519859995	0.490533552939	0.368741078929	0.224606193493	0.226235994795	0.29164196254	0.340112840534	0.383224480477	0.229975856882	0.45549834035	0.400285565002	0.307837359799	0.393736477728	0.272449536409	0.376746287068	0.328113569686	0.522744649569	0.0	0.419642741536	0.329243941278	0.492727627156	0.375349753591	0.33817904415	0.740118644627	0.446428413739	0.254514584033	0.45734560614	0.925942648326	0.473646959165	0.495601875876	0.423681904182	0.446732359512	0.269439849816	0.335086424226	0.681450621734	0.578046075981	0.314170914896	0.517831784109	0.40529207222	0.262891658991	0.854879420535	0.231534465476	0.804539685829	0.278342227275	0.693119968103	0.345682343834	0.308817659715	0.236623938156	0.434784400738	0.331686411479	0.618705719175	0.503428754596	0.464336619706	0.57438906529	0.726607084632	0.313577813563	0.482191072431	0.35049111199	0.387604032518	0.287052165585	0.63717033406	0.292644725968	0.261009586025	0.324815042716	0.357596205811	0.300587220579	0.501678796304	0.49883765674	0.423651100591	0.537003120171	0.216143339949	0.377692858746	0.406817843826	0.426233974909	0.455325297272	0.830148529945	0.422008102764	0.304320687565	0.559068649351	0.244255362474	0.550322881429	0.38645246091	0.362978957994	0.226170946138	0.488092433541	0.40985209844	0.342027984777	0.496086470434	0.450500512223	0.252084073095
10317.000023965	0.378844817091	0.467321416385	0.475023835566	0.542922214883	0.744543129527	0.521878381397	0.529142777454	0.372567837969	0.349047259141	0.371197945262	0.357540013748	0.419932741747	0.381119006653	0.459530123958	0.392255158963	0.378520619376	0.430069036387	0.440834406051	0.378641198164	0.373134786542	0.570645435416	0.419642741536	0.0	0.40486469783	0.64893400034	0.4193693089	0.481928163722	0.548738676977	0.480238277558	0.32476846507	0.444150524162	0.652627114219	0.469759907872	0.505986982779	0.528935668651	0.520455095597	0.421893284843	0.444969140338	0.69224435112	0.584283447975	0.324676546635	0.548526006086	0.531893144369	0.40852999188	0.872202655433	0.409698213791	0.819508758718	0.463202568786	0.431461642069	0.468023844581	0.324399278431	0.407146949827	0.53643137272	0.414102975068	0.748735409319	0.563129352223	0.520756647084	0.605161743526	0.752424752154	0.431986069271	0.484224245419	0.471363714747	0.385296507558	0.378620792323	0.659111686874	0.382123865518	0.474964552769	0.395418770505	0.231540393942	0.358716893974	0.494165093179	0.546375192662	0.470971170448	0.365500657766	0.390347619043	0.480032166951	0.539122351565	0.468275411576	0.524908763213	0.827949927714	0.416454813919	0.500454459466	0.646393679052	0.360519884958	0.365408816837	0.493831416638	0.462253739211	0.364107215547	0.510174718286	0.511617930965	0.404494442332	0.430685208709	0.377624626908	0.301534800349
10317.000047783	0.269234095477	0.474483439905	0.541462682454	0.303357788169	0.682467520504	0.329307932372	0.546698984241	0.364256622772	0.319877334763	0.428756925736	0.215453548891	0.203425605268	0.359339819798	0.280027735241	0.255132040032	0.27917632454	0.210390074905	0.461632956412	0.223901873781	0.174126987996	0.660131068163	0.329243941278	0.40486469783	0.0	0.536586218795	0.283194122871	0.470255186929	0.546771298288	0.253851609771	0.222776500023	0.237117815819	0.742158635633	0.335561815998	0.300182149179	0.425774458191	0.588269644574	0.381195402448	0.352468384533	0.464754203528	0.383408779645	0.233612581645	0.320190508229	0.540450955143	0.388936942566	0.878660097671	0.377950607132	0.584670448477	0.412821047592	0.568528895087	0.338642843846	0.198745192111	0.379565383679	0.570894496234	0.492887151211	0.627135597969	0.636225019541	0.627521342792	0.727655271448	0.506447646314	0.442135666537	0.285882713142	0.457601346883	0.210399423172	0.204181864099	0.435276780384	0.274925596025	0.353462852331	0.177412607314	0.390542162921	0.249675470238	0.481982983214	0.27889488199	0.488653152249	0.393763744993	0.294590744243	0.504231723887	0.438657919499	0.23216029023	0.617175370476	0.836085935409	0.223533893589	0.495577644358	0.61214142946	0.337892489669	0.383102517266	0.547048852073	0.539614477305	0.328253974086	0.265015720982	0.563642627041	0.259664457744	0.300470981037	0.292288851784	0.258809770176
10317.000031484	0.596538254041	0.502221023814	0.581337239601	0.670857178788	0.627195492512	0.634710859181	0.488609466927	0.481480366439	0.526232037422	0.543887134793	0.604204314636	0.599489707181	0.505959263719	0.629949956812	0.628328266905	0.52144493841	0.573425363776	0.476721931282	0.568469005063	0.537762951047	0.501873900474	0.492727627156	0.64893400034	0.536586218795	0.0	0.575814914209	0.519209346316	0.877673222202	0.52980695281	0.508195116532	0.583437028496	1.03336345779	0.654621330491	0.436075992408	0.559860637736	0.552156550563	0.574812795324	0.483734898761	0.857084950788	0.77200340788	0.575074641441	0.721002553573	0.4813677366	0.430837457468	0.81551614648	0.490906093621	0.960233249195	0.477514776807	0.81602969489	0.51464872747	0.558718077197	0.47460712897	0.519217508691	0.535320008944	0.311172794216	0.604592506816	0.58515781154	0.697954293746	0.903250446902	0.513893746944	0.679490940634	0.493486413198	0.594222937408	0.513329561938	0.830530790862	0.483423378489	0.409683054315	0.52727181201	0.609076901433	0.568566826453	0.652994408308	0.658231390929	0.469247883816	0.700156292873	0.49804161659	0.4659929865	0.313894101196	0.512413626518	0.574438873227	0.813386764236	0.636988494776	0.476766756579	0.571066397793	0.450712576412	0.702200467639	0.481780791123	0.513045557394	0.49127785302	0.607499314036	0.531948976	0.575005948505	0.652949976863	0.5793625232	0.507092945015
10317.000062952	0.254066180982	0.515158122344	0.543334754546	0.416077777618	0.697697504961	0.377798438848	0.549580727001	0.403231735955	0.3880186288	0.455955045916	0.34560689493	0.331462004057	0.430614444079	0.370900417532	0.360598269736	0.371700148512	0.309566775846	0.452212950254	0.326141340055	0.28975595226	0.646719484948	0.375349753591	0.4193693089	0.283194122871	0.575814914209	0.0	0.53667925397	0.593561365725	0.351272371408	0.33876569168	0.333662779453	0.758643162786	0.43397716066	0.401929957779	0.465016504995	0.607443857177	0.325657676581	0.394765734159	0.602830201642	0.492851871235	0.329210334881	0.453955328545	0.565815570104	0.381793513061	0.908337860927	0.396991909804	0.704754831343	0.425430375432	0.606097150088	0.355758824968	0.321842150406	0.436140130419	0.611074295324	0.501922203197	0.681714964998	0.663306144036	0.608569036592	0.748259566313	0.639962280494	0.464677925142	0.399507337213	0.524270451199	0.285127559668	0.234888232408	0.56019821405	0.304736726859	0.393613096316	0.241071004789	0.403478980585	0.347717469446	0.517061092639	0.400999616132	0.510874477791	0.423543367166	0.379522663403	0.511868553026	0.45938884589	0.332920518882	0.62302020758	0.860443035467	0.361654291936	0.474709030355	0.664023012004	0.361713758564	0.4251025233	0.566378337668	0.514567601389	0.399437127629	0.374924996374	0.594110198446	0.240547183146	0.358870924784	0.331324057347	0.326726866246
10317.000049934	0.463684725147	0.251174947413	0.368132074853	0.584072849598	0.621667486718	0.562672613978	0.34702180449	0.292028670854	0.285941284616	0.346408330917	0.399800093242	0.43550576206	0.3578625415	0.498758371771	0.437860451858	0.406131382605	0.474766015074	0.251458216807	0.456436281663	0.430768238401	0.450587410363	0.33817904415	0.481928163722	0.470255186929	0.519209346316	0.53667925397	0.0	0.816294512403	0.526004051169	0.355933401758	0.542382685474	0.966735949026	0.532640321269	0.593014904985	0.526346993979	0.337290159499	0.421570628095	0.437503146404	0.755094086364	0.657977865335	0.404547109708	0.570365130157	0.417452108879	0.359758328986	0.790618514242	0.307998483104	0.860109405243	0.349636434718	0.70748968907	0.446916392398	0.370973160748	0.229638443577	0.327865996468	0.39038461137	0.628430004187	0.337240922226	0.388953431284	0.433593370466	0.800017614474	0.234124119792	0.553803269671	0.167626010474	0.441764842649	0.433263539149	0.716583258184	0.398524074788	0.429192290088	0.476230103762	0.500178166578	0.390415745699	0.53690718646	0.614199441027	0.426529831406	0.639736512046	0.359876396833	0.294594069478	0.475068173639	0.53114441588	0.275559255682	0.743633875832	0.48897815434	0.361413173852	0.529404817244	0.33932650352	0.646584317178	0.351454683526	0.237261822908	0.307591428974	0.569813095369	0.322220573594	0.481945320744	0.56554892477	0.591208928158	0.333858082178
