	10317.000033729	10317.000041251	10317.000016493	10317.000051204	10317.000052041	10317.000014528	10317.000043200	10317.000040414	10317.000046111	10317.000022510	10317.000052274	10317.000062990	10317.000062082	10317.000041278	10317.000066594	10317.000043169	10317.000039600	10317.000035470	10317.000049819	10317.000069167	10317.000068291	10317.000040003	10317.000023965	10317.000047783	10317.000031484	10317.000062952	10317.000049934	10317.000069195	10317.000039516	10317.000031892	10317.000039978	10317.000041831	10317.000028819	10317.000052273	10317.000052421	10317.000045025	10317.000041334	10317.000037524	10317.000028820	10317.000041060	10317.000022952	10317.000051202	10317.000054099	10317.000035402	10317.000016349	10317.000052279	10317.000039525	10317.000043090	10317.000047833	10317.000028905	10317.000039953	10317.000023973	10317.000052430	10317.000046186	10317.000062954	10317.000039918	10317.000043218	10317.000052029	10317.000049730	10317.000021692	10317.000058489	10317.000062991	10317.000040130	10317.000040357	10317.000063023	10317.000052050	10317.000039554	10317.000066924	10317.000043117	10317.000039521	10317.000041522	10317.000034177	10317.000046085	10317.000033748	10317.000052324	10317.000031270	10317.000068300	10317.000054311	10317.000021693	10317.000041370	10317.000040033	10317.000040397	10317.000052270	10317.000034178	10317.000031348	10317.000052003	10317.000040157	10317.000051180	10317.000046112	10317.000039986	10317.000042738	10317.000039619	10317.000068288	10317.000046217
10317.000033729	0.0	0.497761924263	0.460987120143	0.376909812804	0.691525508907	0.384592854368	0.510534217957	0.349301437799	0.306502347872	0.419971838441	0.271960506216	0.278479318074	0.342207518311	0.35467439673	0.313733124768	0.30950357077	0.231678039683	0.444274014265	0.294919953553	0.268885884792	0.628150948141	0.392103395409	0.390082852569	0.272264424685	0.605344537564	0.256076151786	0.465095076276	0.561006500739	0.368723030817	0.309276904896	0.311881959013	0.746178153536	0.401910675686	0.380268715162	0.44006847413	0.557312546651	0.31333179005	0.344439402025	0.559911079735	0.476081380037	0.276739610897	0.411234897131	0.514047980996	0.34017337608	0.88036343755	0.381975971395	0.68344699089	0.376428035164	0.580149089516	0.280387088334	0.275327848668	0.403184995065	0.544063803568	0.411657950838	0.684279980468	0.578985358382	0.587384921446	0.674788986008	0.590389013647	0.409687236266	0.387198507929	0.446662211461	0.222438282875	0.272215568043	0.502217416198	0.309099864366	0.409911842794	0.273376309061	0.370719509375	0.278444790892	0.482684036234	0.425248770939	0.459998115196	0.440250389311	0.340475355914	0.481052789836	0.459945633519	0.346404181304	0.569304465929	0.819482140808	0.287906068821	0.493064414931	0.642154247459	0.340075877112	0.430296582864	0.511703696816	0.471652811388	0.358233099331	0.373512766036	0.528156321272	0.289951273756	0.334231811772	0.380858686169	0.30280563659
10317.000041251	0.497761924263	0.0	0.473154138379	0.628462604172	0.641804515964	0.579709130802	0.333863367063	0.250147084091	0.269709424415	0.234872149101	0.412819983911	0.492231136617	0.373292830709	0.595149998615	0.471271508337	0.444073577955	0.480024514488	0.193166957849	0.526186349017	0.456327085648	0.371100678768	0.326775492285	0.485337885306	0.502107185949	0.505830302092	0.540450984176	0.268752833487	0.813738946329	0.570497972777	0.360372917064	0.559130274058	0.9818175734	0.582009210615	0.584819783543	0.548126175447	0.232964794791	0.367047247097	0.434984718844	0.800700189428	0.721502341349	0.419526183248	0.661321508672	0.381697076629	0.361062242997	0.82687368465	0.266804518559	0.911796348886	0.346944044303	0.77573155204	0.451589101929	0.381551617552	0.220046837086	0.317886951272	0.395101980809	0.649088715586	0.302209802494	0.256379019095	0.352676257835	0.850012056555	0.240238611436	0.589445662287	0.2534841104	0.486117077316	0.468819119785	0.753122293191	0.414181757736	0.436726467083	0.44060166208	0.423594737728	0.39274436286	0.603866125006	0.63202273404	0.424191169934	0.672776387428	0.333809859739	0.213904245576	0.461534550736	0.574369231829	0.311052580612	0.796444180246	0.532479144284	0.281082537541	0.527528528935	0.339902351234	0.648439520561	0.262609863734	0.254561879718	0.280776315665	0.588728337409	0.302042643093	0.508496489162	0.558419491498	0.605485514455	0.315663895156
10317.000016493	0.460987120143	0.473154138379	0.0	0.585563148133	0.688169427986	0.598202193918	0.392586947892	0.374649353117	0.380067055994	0.418531443986	0.475820228851	0.483321835394	0.4147769974	0.413745394352	0.505691708302	0.463337771129	0.464252927596	0.419130391187	0.479970178635	0.471068999553	0.589279982821	0.391186972959	0.440309242357	0.516121064714	0.593966085383	0.518824906327	0.391377928072	0.733082523992	0.570581396964	0.424192026701	0.542101621126	0.89489736478	0.440395695713	0.603758790639	0.497150664641	0.516494418193	0.492005123241	0.448762931443	0.803593391213	0.60007946665	0.470470820807	0.638378267498	0.480560927047	0.392147534201	0.830264638376	0.387632692408	0.900274417692	0.413834268506	0.632781998416	0.451462800365	0.46705327983	0.39043667008	0.504821456779	0.381045956302	0.696165920392	0.514356829484	0.519890796121	0.601219576764	0.844088112748	0.406079040928	0.614179148874	0.393542812705	0.433026283539	0.489986703818	0.737804532777	0.445214265846	0.454665452766	0.496674507594	0.441947902641	0.457651505628	0.509181697837	0.660721829759	0.449405988982	0.595217115388	0.409193638301	0.455451709409	0.484558353915	0.564436370914	0.489890148877	0.768235842155	0.539299659079	0.462071996681	0.604811663097	0.36475001608	0.598200661114	0.464556750263	0.407619976371	0.408434427822	0.598082292635	0.48276234211	0.51907016232	0.530168891604	0.558390180132	0.366428447529
10317.000051204	0.376909812804	0.628462604172	0.585563148133	0.0	0.733616342483	0.277597880371	0.655866224137	0.509132270836	0.450655593532	0.554179912281	0.366233907074	0.292913529954	0.465161380191	0.318989764076	0.331328995325	0.379792795894	0.319174778276	0.59966859268	0.288294867546	0.329466970004	0.803119257666	0.470100420187	0.53242359754	0.291981856318	0.66911804871	0.394197402844	0.559095704819	0.470954503891	0.349303849597	0.37461609858	0.28034167666	0.665548912185	0.42946945089	0.372122602888	0.511609914046	0.738442457145	0.493477280821	0.452273297888	0.406086821455	0.30389909493	0.351778251004	0.222809253586	0.653276595494	0.47708137426	0.951395035341	0.537574190584	0.511131640422	0.577020389604	0.64160520948	0.466824081062	0.356431651517	0.516519183204	0.693122699861	0.522744094712	0.720683475715	0.730725723338	0.730741752537	0.832805419496	0.416597698839	0.559576474324	0.338265895879	0.547729823828	0.318605055588	0.267745780141	0.331688389286	0.390735607184	0.485721353143	0.309793447932	0.523986261711	0.381491479642	0.582472521752	0.294074848343	0.618522896692	0.374178141364	0.451727009328	0.655698652177	0.571874227578	0.29290781212	0.704881619391	0.882435021199	0.293112058642	0.645857752663	0.744727051095	0.505372174415	0.374445765089	0.656733732111	0.659850725074	0.448521979934	0.264200196639	0.689910001783	0.295379525174	0.305427529382	0.361190236753	0.444584917741
10317.000052041	0.691525508907	0.641804515964	0.688169427986	0.733616342483	0.0	0.744509750724	0.558077412326	0.626293026938	0.677170394724	0.687877707974	0.736652669674	0.74728792302	0.670000638427	0.738939780095	0.742575202391	0.711103352872	0.674953871627	0.630225323183	0.741668133476	0.712547025834	0.661818901179	0.648649752787	0.750662746935	0.697161792542	0.628501155453	0.709574716444	0.639283118382	0.871402834454	0.756565219025	0.659047466507	0.712247341366	1.0050790574	0.74364932749	0.731146749313	0.415229196154	0.591005569243	0.708200194386	0.600935586497	0.896879617289	0.809964740198	0.709863729786	0.785127898994	0.590397401274	0.639122375302	0.734675704441	0.629958938286	0.988612122834	0.588067092166	0.757593258677	0.630695548191	0.724784059641	0.628357230967	0.60551519657	0.64694180616	0.719556158996	0.597865925721	0.594515499935	0.680417284119	0.925566151049	0.608254758879	0.805801266328	0.60564610683	0.682516377825	0.701955514695	0.846665799345	0.676396586556	0.628127780862	0.690570197287	0.712256084126	0.692884288771	0.654420719216	0.781581256731	0.373316337634	0.783401854742	0.667473755064	0.610403400131	0.636178933668	0.721506413843	0.579990765286	0.457644617889	0.765152237123	0.596238424028	0.565790155709	0.64036097619	0.77968455312	0.5572967514	0.597280023842	0.679410709247	0.762871606876	0.608753291278	0.693559575575	0.713660152287	0.717851637273	0.661249121888
10317.000014528	0.384592854368	0.579709130802	0.598202193918	0.277597880371	0.744509750724	0.0	0.663947258646	0.513055863999	0.436368383234	0.540333902177	0.40019481709	0.329446913734	0.467675459179	0.4056956493	0.402283272494	0.427007876566	0.333001738686	0.570289865518	0.357461729654	0.359136312314	0.78840446228	0.496696558428	0.523256818013	0.328152343162	0.654588825669	0.371246491067	0.557205991695	0.448450120497	0.378017043176	0.411764572641	0.338543057215	0.652469708024	0.453109355416	0.412645776518	0.512483977965	0.704755066349	0.483566512899	0.444269387421	0.457833024043	0.354330746641	0.366815374124	0.323592340687	0.657300569349	0.454636784517	0.940624221193	0.49473782472	0.553578026752	0.548761601021	0.649886209974	0.471352372023	0.379798598972	0.501519906959	0.685895453356	0.597044123614	0.706789304708	0.735220017497	0.714139592323	0.838752207489	0.500133804666	0.544988631725	0.36399616184	0.539714477912	0.327294643804	0.32748149902	0.374858294761	0.390172513364	0.489245322948	0.327870073146	0.52900303118	0.416646947263	0.57060397047	0.322882944702	0.608284433732	0.364406684713	0.448200512689	0.632009316177	0.540289182213	0.318402758819	0.718304311451	0.87988324973	0.32363029921	0.62629282392	0.748592930361	0.491983331325	0.346517465472	0.648657258879	0.628140544532	0.45209041293	0.307128031796	0.702147257492	0.258122027343	0.261434505002	0.355179154993	0.440712177781
10317.000043200	0.510534217957	0.333863367063	0.392586947892	0.655866224137	0.558077412326	0.663947258646	0.0	0.322996292209	0.393455508295	0.394603671322	0.497261012563	0.542564789938	0.388896751015	0.544615287379	0.573578611579	0.511996017866	0.524710951224	0.30836376109	0.568441639274	0.504353104568	0.439107117495	0.346593663676	0.529829285485	0.54896983449	0.471850890176	0.552810285023	0.346007521139	0.850993798841	0.623282606831	0.415070414672	0.609908396751	1.01449040718	0.619362307347	0.654061063547	0.551601643243	0.335420510271	0.474731145687	0.44271431804	0.881941254613	0.745330620355	0.482935678267	0.715602592175	0.339039516681	0.385039977222	0.777130229375	0.309266000966	0.981950070228	0.314685008489	0.762132443921	0.451032546536	0.493829589833	0.304464990337	0.343404375396	0.388119023777	0.68473599089	0.365777681571	0.367502460393	0.465149516543	0.911183457226	0.315642554138	0.672024713027	0.346648756172	0.506389615101	0.505317039657	0.824997776472	0.479054445841	0.437120187144	0.488496211146	0.484500596761	0.446970127658	0.64313866251	0.688671171315	0.402722088543	0.69169169323	0.380342764656	0.30564937499	0.488572055551	0.613553480923	0.341319019673	0.730663898771	0.608270901704	0.272979811654	0.498271081064	0.351613799099	0.678553444914	0.27092708612	0.275308280133	0.40166430198	0.661842471123	0.323948952292	0.538874497443	0.596821314476	0.617880434032	0.367220588748
10317.000040414	0.349301437799	0.250147084091	0.374649353117	0.509132270836	0.626293026938	0.513055863999	0.322996292209	0.0	0.193371017992	0.244267987351	0.321824160365	0.398125968251	0.261837417486	0.493773529002	0.408383472111	0.342774900019	0.364044360873	0.223010552027	0.433522960535	0.380397471827	0.422589115366	0.216216280858	0.383393946397	0.393331129142	0.496367358209	0.422386890467	0.292177147546	0.698844079939	0.49945395566	0.276553941697	0.436760370664	0.893641393331	0.49991856111	0.501960297958	0.417767502599	0.331805505802	0.317114411372	0.314050965672	0.708656981255	0.628675259814	0.329806023043	0.564736524581	0.3655540891	0.26306657489	0.831390645198	0.194326857332	0.837930051446	0.274720494297	0.685676600353	0.335810066617	0.301898447942	0.190925126288	0.335713781835	0.279612885739	0.601841935542	0.365997718159	0.362393880873	0.480062278019	0.751515922921	0.231552759348	0.516647193788	0.273578460056	0.369379646888	0.359426843682	0.649913148536	0.327694884301	0.325025037616	0.337144545904	0.355505005298	0.291854203708	0.511666187856	0.539308434129	0.389580497053	0.557297239761	0.231743832214	0.272417794512	0.373190984096	0.476572175272	0.355736993612	0.794862660417	0.431837972921	0.273795444121	0.547218715032	0.220069544601	0.542277324332	0.295753066411	0.256076723448	0.229156173034	0.508752309474	0.32216271719	0.384829798638	0.452394522342	0.488870809256	0.207962615124
10317.000046111	0.306502347872	0.269709424415	0.380067055994	0.450655593532	0.677170394724	0.436368383234	0.393455508295	0.193371017992	0.0	0.235643931679	0.236007549613	0.290592192016	0.214792552564	0.415371871526	0.294397490923	0.253994498036	0.295867334927	0.247594314989	0.340390059208	0.281538999966	0.469499612474	0.228348383858	0.344335546073	0.317228831244	0.530572829211	0.384137146657	0.288348631034	0.651097883072	0.402209567966	0.198478672045	0.380211947462	0.846327957087	0.40390313607	0.412479535756	0.426859339856	0.372982678981	0.236042772033	0.311813255903	0.612372270833	0.526781708265	0.241373786416	0.472312766382	0.413063953143	0.248174832424	0.846048654636	0.240739553979	0.73415750226	0.318963555312	0.624748473263	0.273120497974	0.202764390561	0.199547718845	0.416394133893	0.326502037422	0.620909841113	0.389771059895	0.404469352602	0.504078227229	0.665090357159	0.276905410067	0.40990120556	0.266690447902	0.308446324875	0.308378282801	0.562567004785	0.234711273681	0.31462276123	0.300186768807	0.324300437946	0.212339438868	0.465409040549	0.45654058358	0.433741702746	0.525863673119	0.185542709256	0.297314810595	0.388909756177	0.380890165976	0.416949417102	0.810898297358	0.336750567311	0.357298202472	0.584135616965	0.217403631144	0.508725723579	0.358434677981	0.349668896228	0.148697478709	0.401798215661	0.385896640577	0.362900248051	0.409048069363	0.45770907326	0.145361318956
10317.000022510	0.419971838441	0.234872149101	0.418531443986	0.554179912281	0.687877707974	0.540333902177	0.394603671322	0.244267987351	0.235643931679	0.0	0.370665722989	0.441905650116	0.278673783432	0.5257814863	0.415890924936	0.397431932586	0.404330295769	0.283251181928	0.470500579508	0.411233266995	0.506012242936	0.299024140876	0.366088140558	0.42954605258	0.558655388581	0.466004388331	0.363313683213	0.691177371451	0.516278781431	0.286872901168	0.493141345861	0.856135962441	0.509871420698	0.530041065087	0.456018493415	0.365560833932	0.307837915895	0.376910364405	0.741093303217	0.632803409419	0.350363881941	0.600425330998	0.438307026106	0.310718563381	0.899201071219	0.274692007344	0.849582586068	0.364856456167	0.655697739562	0.389287759759	0.339115508158	0.252088238057	0.426354508149	0.347438623888	0.695732645438	0.442886916246	0.395518308185	0.485335358888	0.788953574801	0.337823752601	0.53227179222	0.35682414355	0.392339714588	0.389970177039	0.693222402852	0.371491139153	0.382861252752	0.382647416822	0.293435705608	0.314069390019	0.513865765386	0.572149576738	0.449327056866	0.547141142549	0.295527424891	0.341417153586	0.478683991785	0.515887991745	0.447454338015	0.846805304386	0.47806090068	0.365484606216	0.594614166899	0.290865501422	0.529092642806	0.357635986072	0.381846438317	0.229992797347	0.538533359431	0.432886996686	0.435956966722	0.475672570986	0.477877968674	0.270135605556
10317.000052274	0.271960506216	0.412819983911	0.475820228851	0.366233907074	0.736652669674	0.40019481709	0.497261012563	0.321824160365	0.236007549613	0.370665722989	0.0	0.188826787286	0.318333342893	0.333184582992	0.196411600497	0.222157093174	0.274709672151	0.388000452948	0.245489219919	0.162669615314	0.587416675502	0.323628214397	0.344836874021	0.233786754498	0.598487033783	0.367184324114	0.367567320995	0.602624404813	0.247145536556	0.196022762516	0.298352935086	0.780475980912	0.334870520503	0.337209142472	0.479580146868	0.518532367647	0.320341608688	0.355755428081	0.479676786791	0.404436132154	0.156487255321	0.342820509284	0.516587326301	0.313990029101	0.906819000203	0.343436582451	0.599542374069	0.420648696275	0.607208524742	0.361956973067	0.102516359839	0.323407862302	0.506053010335	0.435114709551	0.680485120842	0.534896336029	0.542502017426	0.649892955012	0.518576366839	0.339594884058	0.289966393933	0.383024311534	0.235732757599	0.230711181043	0.434136498112	0.239069970117	0.387720501219	0.22096797106	0.367173477815	0.18641901838	0.533580544337	0.333199244922	0.506950810833	0.486812132017	0.288667902596	0.45727949281	0.457423395337	0.305828484122	0.521120090551	0.872044281851	0.240139262437	0.477721187238	0.665141879464	0.309260767111	0.448216986075	0.500025325427	0.453146973482	0.261474413524	0.291027161648	0.496679934121	0.322500340711	0.338955881039	0.411758463977	0.233515588179
10317.000062990	0.278479318074	0.492231136617	0.483321835394	0.292913529954	0.74728792302	0.329446913734	0.542564789938	0.398125968251	0.290592192016	0.441905650116	0.188826787286	0.0	0.342713431961	0.239079360822	0.182251970817	0.243257860242	0.230282307279	0.455305349081	0.172952321547	0.159363483601	0.668132917104	0.370248637176	0.400321791804	0.201100285881	0.599150937313	0.325613714246	0.406191119705	0.519193056807	0.219466168348	0.25042260943	0.213966735629	0.71398350565	0.351364042201	0.307400183285	0.50162859252	0.580953040832	0.371144537383	0.39833108378	0.418982152685	0.336075436047	0.218827335809	0.265943584464	0.54970732127	0.376219547104	0.908779601587	0.411483152342	0.524531942451	0.45745464533	0.601501261146	0.403079357114	0.164897617047	0.389467934562	0.569470131636	0.491253225074	0.696603313058	0.598610961409	0.625906462957	0.70632240961	0.460013560226	0.449028891825	0.239266274375	0.425450577858	0.220196017178	0.21328797109	0.362999784353	0.287745703207	0.421963522188	0.197139176221	0.431522699415	0.251172852366	0.530789697193	0.27214958079	0.526295565939	0.402785039564	0.327090621763	0.502803209462	0.489592897197	0.208573354904	0.598427542166	0.871882133703	0.144193259171	0.534149058287	0.690622014464	0.349642533315	0.401278382384	0.559595673796	0.498967013276	0.311262525405	0.216953399438	0.554618880845	0.271686347122	0.253321491401	0.329197519087	0.272713186704
10317.000062082	0.342207518311	0.373292830709	0.4147769974	0.465161380191	0.670000638427	0.467675459179	0.388896751015	0.261837417486	0.214792552564	0.278673783432	0.318333342893	0.342713431961	0.0	0.449831987237	0.390231397846	0.304180957177	0.334858482863	0.347841953978	0.392101590967	0.333520336316	0.553694921672	0.242109532152	0.366541245225	0.330605451971	0.519131189648	0.415929245532	0.365666588119	0.66174225983	0.448619697002	0.232570435017	0.397561563634	0.861892170537	0.449284053705	0.46188675477	0.446702888135	0.439080596725	0.314169900004	0.333031910742	0.673908535129	0.572906082047	0.290705893676	0.529158802581	0.361192613114	0.275838081432	0.856785323392	0.266052892385	0.785430061577	0.324298578264	0.629825935452	0.340943366304	0.277981182009	0.274396934064	0.391860434454	0.325274551908	0.666113825533	0.480469870045	0.470551020305	0.581141008663	0.71657080174	0.340393890883	0.475920297078	0.344931619482	0.347764392732	0.338112961858	0.617512444225	0.290216649316	0.317928414731	0.31349375042	0.328360486357	0.256417978496	0.466291671355	0.504831341505	0.433407062716	0.525392693165	0.204631645278	0.376475977662	0.441926102477	0.433880740574	0.480844940682	0.818984950317	0.390658209892	0.328202107071	0.514781078039	0.234794104435	0.527527571292	0.366551421577	0.38023116146	0.213950169654	0.462427117124	0.424020724834	0.369724911537	0.411281724581	0.42476289507	0.195747028615
10317.000041278	0.35467439673	0.595149998615	0.413745394352	0.318989764076	0.738939780095	0.4056956493	0.544615287379	0.493773529002	0.415371871526	0.5257814863	0.333184582992	0.239079360822	0.449831987237	0.0	0.291900142684	0.353731426792	0.306850785228	0.548587006844	0.235394703494	0.279228242056	0.75129752345	0.476162299305	0.476517715785	0.284926380233	0.646277699518	0.376301672351	0.504203505262	0.563253433236	0.313155975358	0.379208942668	0.280218361671	0.737504667266	0.319541211724	0.350922292513	0.509707370517	0.687572871643	0.476555609665	0.441517087928	0.493792954354	0.359853228648	0.359891702343	0.354447122258	0.636804356023	0.439163285615	0.908605670461	0.507486232017	0.604343529807	0.529531782771	0.574894695791	0.430799823341	0.32138655576	0.496390761104	0.670805789605	0.524499008746	0.713563016052	0.655491873937	0.702237392225	0.757341024211	0.535554559931	0.510415033066	0.358770452552	0.500557581168	0.273876512964	0.313607310502	0.44454536042	0.377107185056	0.471857718906	0.281037384617	0.497996194514	0.400625098579	0.513615331922	0.374772115624	0.584735132939	0.449069366673	0.44316953108	0.600221573749	0.530062706348	0.275731151966	0.640908740164	0.848152550034	0.278068174792	0.621184546889	0.736520643383	0.441865178712	0.438440225854	0.646307505534	0.586844466185	0.432301914319	0.330314274922	0.634609177692	0.348144591881	0.341927123859	0.372570255401	0.392422787218
10317.000066594	0.313733124768	0.471271508337	0.505691708302	0.331328995325	0.742575202391	0.402283272494	0.573578611579	0.408383472111	0.294397490923	0.415890924936	0.196411600497	0.182251970817	0.390231397846	0.291900142684	0.0	0.286484820821	0.278209545813	0.443349881792	0.2059742238	0.214187945705	0.6557919492	0.408837677095	0.402688745767	0.253601242046	0.636264557131	0.365889780235	0.428601173399	0.584045958781	0.217417861325	0.265990592343	0.267874200673	0.752789040982	0.373421697723	0.317697859068	0.517594216272	0.574007545389	0.351376235524	0.419136133735	0.431314109296	0.343614410855	0.208484086513	0.293833648352	0.562055424088	0.379699652488	0.916651037978	0.440150942149	0.527038725555	0.480666197027	0.596258343336	0.380244670585	0.184407288863	0.37291262798	0.614250683815	0.47930865895	0.721751281709	0.572484924637	0.591196216659	0.677963363963	0.466670482947	0.439766244473	0.215463248308	0.439565233409	0.249415818488	0.214692351401	0.371259472866	0.32104197759	0.447550598283	0.243973657874	0.397637007773	0.258834273883	0.536130840233	0.287742633496	0.531876563304	0.464977372617	0.376972956116	0.50583126315	0.522493905885	0.28346553099	0.580181354404	0.857068064126	0.225243089196	0.553422351494	0.695895602121	0.396745116567	0.43306218751	0.538309043571	0.541015566271	0.301385684007	0.250559718438	0.572889555978	0.330685688854	0.312534744965	0.398167139212	0.319271081689
10317.000043169	0.30950357077	0.444073577955	0.463337771129	0.379792795894	0.711103352872	0.427007876566	0.511996017866	0.342774900019	0.253994498036	0.397431932586	0.222157093174	0.243257860242	0.304180957177	0.353731426792	0.286484820821	0.0	0.283873241332	0.412120876773	0.261466539572	0.218763378573	0.580880123003	0.320341109995	0.381066957811	0.281849349284	0.536086456806	0.379233666565	0.400480637222	0.623755823927	0.29325787922	0.230274757068	0.295084131718	0.812406517474	0.355006364012	0.35319027585	0.450971831264	0.542794731748	0.333354068362	0.347962679784	0.517966138546	0.458781982058	0.2153465182	0.394354129738	0.482731501465	0.29992271397	0.850413460951	0.366991172439	0.635561993248	0.417444162916	0.572156448666	0.360475296492	0.208097269133	0.348430331866	0.512636984065	0.424464483961	0.595292840082	0.535596553153	0.565452032773	0.661417837041	0.555101717076	0.405487493211	0.361078737863	0.369692109292	0.296903463801	0.272657629165	0.478207944316	0.21653241459	0.322887690165	0.311624921899	0.390257990509	0.200123478423	0.45122506005	0.395193678255	0.496554945607	0.530710702279	0.271347259597	0.438385136398	0.398063145507	0.298636646459	0.563581017079	0.811577411468	0.275562262391	0.486848620572	0.633938850917	0.27502658084	0.504220465914	0.501885751007	0.483976936354	0.236061477077	0.308880803204	0.483753900297	0.372200895366	0.397751656406	0.415526411729	0.243998952281
10317.000039600	0.231678039683	0.480024514488	0.464252927596	0.319174778276	0.674953871627	0.333001738686	0.524710951224	0.364044360873	0.295867334927	0.404330295769	0.274709672151	0.230282307279	0.334858482863	0.306850785228	0.278209545813	0.283873241332	0.0	0.446178028706	0.278079723128	0.249374542101	0.677850311697	0.360444415041	0.426398693761	0.20837431577	0.559173767594	0.295266933481	0.42893659663	0.538165086553	0.29445698586	0.264792034916	0.265181283243	0.731561161601	0.37621214996	0.354601136982	0.417820856997	0.570511899788	0.356274305098	0.350066785094	0.513917263433	0.418744718881	0.280579967339	0.339793867365	0.5361922361	0.351758900725	0.883654840452	0.393291404003	0.63665812671	0.412290453143	0.579352228313	0.338234268624	0.263055538774	0.389330214091	0.558945643279	0.44554648891	0.643787960597	0.616672893831	0.594824074104	0.728119447348	0.534094372532	0.450912037569	0.342238329986	0.431388127171	0.200488066489	0.240768640535	0.465428023885	0.285706486237	0.360766091898	0.223224135343	0.413056681242	0.259787104689	0.470179640657	0.353880270679	0.466067229214	0.42463254707	0.306132063202	0.503186081151	0.459742734793	0.296893501025	0.607284543415	0.804489347092	0.27945981558	0.49220181584	0.631010162629	0.360087928517	0.405190893226	0.536928131451	0.497590289694	0.332786815076	0.311150795873	0.550322229871	0.265297903103	0.299290453106	0.330279411393	0.280226254084
10317.000035470	0.444274014265	0.193166957849	0.419130391187	0.59966859268	0.630225323183	0.570289865518	0.30836376109	0.223010552027	0.247594314989	0.283251181928	0.388000452948	0.455305349081	0.347841953978	0.548587006844	0.443349881792	0.412120876773	0.446178028706	0.0	0.484252379038	0.398162207663	0.380741492347	0.248997447963	0.439105480032	0.46979221959	0.489772133049	0.445452911243	0.259935746058	0.770260890331	0.5293479539	0.321585115251	0.529223201119	0.94011425313	0.537591238842	0.555923895417	0.485893880842	0.297201324742	0.320145685867	0.374197136964	0.768866659336	0.677330556791	0.39024386628	0.618671657363	0.372567862832	0.311049525153	0.829541809956	0.22520071561	0.873207583794	0.278817846583	0.736143739144	0.412540193603	0.37030449784	0.182549515636	0.352771672544	0.356494610799	0.595086767051	0.352321248595	0.320036140768	0.453313612041	0.804255173111	0.232245215554	0.550233511722	0.248652197177	0.438143342389	0.438500578339	0.715605011603	0.369057669206	0.368556796785	0.408281002364	0.406078967878	0.370936922414	0.566253763115	0.598662737537	0.379805724	0.635444300791	0.294234947325	0.245945195205	0.397394628687	0.520448548163	0.335105206625	0.787219698761	0.502795719951	0.230256989511	0.534287100418	0.305807736584	0.59077318752	0.241919889946	0.252237432117	0.269170699533	0.554511781596	0.322516466035	0.456819743519	0.527392098738	0.539767678428	0.284949513356
10317.000049819	0.294919953553	0.526186349017	0.479970178635	0.288294867546	0.741668133476	0.357461729654	0.568441639274	0.433522960535	0.340390059208	0.470500579508	0.245489219919	0.172952321547	0.392101590967	0.235394703494	0.2059742238	0.261466539572	0.278079723128	0.484252379038	0.0	0.192096351475	0.644736835086	0.394148183108	0.395202328638	0.209729290791	0.586433852479	0.320345875429	0.469573534795	0.548229550165	0.227260156028	0.292516399154	0.228053593824	0.734314361585	0.354011520387	0.289521396009	0.496580433264	0.626295342362	0.399066282949	0.385042718784	0.459398175461	0.363639313916	0.273543054559	0.314005286948	0.57664634595	0.370420935467	0.899765467228	0.434618498015	0.554199573183	0.479878308381	0.576066911202	0.371541948369	0.22625158753	0.416010639591	0.588298144228	0.456345139884	0.673701788923	0.604161194915	0.622252800457	0.70628446992	0.502088640347	0.451748053301	0.282980620651	0.451783716819	0.237282914246	0.214048127269	0.402217165053	0.290137895048	0.409323181826	0.226155413171	0.451295652923	0.320384804063	0.520578284142	0.310313662552	0.543915636785	0.434964546472	0.376581551122	0.527019048879	0.471191095132	0.209701474465	0.606426421567	0.857458035433	0.188646770603	0.566239471432	0.687508356205	0.359540309571	0.418544099365	0.571305747983	0.553832055588	0.323105893904	0.243716046553	0.556662454623	0.303912244014	0.295131878572	0.332823924149	0.330784021896
10317.000069167	0.268885884792	0.456327085648	0.471068999553	0.329466970004	0.712547025834	0.359136312314	0.504353104568	0.380397471827	0.281538999966	0.411233266995	0.162669615314	0.159363483601	0.333520336316	0.279228242056	0.214187945705	0.218763378573	0.249374542101	0.398162207663	0.192096351475	0.0	0.620291570871	0.33716434995	0.376273034542	0.186348193841	0.54016056664	0.30036165981	0.423353238109	0.562985272101	0.213873031978	0.201607637829	0.241773184984	0.750135177459	0.321645642747	0.269490034004	0.441882837579	0.555449366192	0.334221678702	0.331674801218	0.475753536743	0.37384434719	0.202792404737	0.320450548717	0.527193575847	0.295602140081	0.888293217492	0.367625756859	0.569583799343	0.419960645771	0.576215082478	0.353724996015	0.166676962047	0.347249110781	0.56802964321	0.476255864147	0.627643516085	0.595450072326	0.570860336953	0.707274576943	0.500303378033	0.41455079783	0.276035198839	0.424037078969	0.215784862252	0.192291374351	0.420926286767	0.206987478567	0.337845560527	0.189989286034	0.393482731062	0.231528779292	0.508959135561	0.293292148085	0.473893035266	0.451519536162	0.299243428647	0.478944104614	0.400890703539	0.230228553066	0.585530477772	0.848039713029	0.223401108715	0.486362053048	0.653101244914	0.32231310825	0.397366268119	0.499201930239	0.492675792051	0.273917626151	0.242118503798	0.533865399259	0.289605106701	0.297502302312	0.331695410529	0.259344540398
10317.000068291	0.628150948141	0.371100678768	0.589279982821	0.803119257666	0.661818901179	0.78840446228	0.439107117495	0.422589115366	0.469499612474	0.506012242936	0.587416675502	0.668132917104	0.553694921672	0.75129752345	0.6557919492	0.580880123003	0.677850311697	0.380741492347	0.644736835086	0.620291570871	0.0	0.513062919005	0.578276276832	0.680248897019	0.509546537952	0.658527676794	0.458666776138	0.966118747308	0.653641297204	0.531857164526	0.660624967849	1.08587473129	0.762696159055	0.650074715957	0.686065863251	0.281495990448	0.604883392754	0.569851399499	0.983919613416	0.90150379559	0.601888990101	0.850119521194	0.460615795003	0.475588240902	0.738272831007	0.447554957996	1.08270544417	0.528693641736	0.876264997313	0.55462984028	0.568618705196	0.406184278901	0.339056626315	0.532755593624	0.683178339935	0.305093493522	0.279077927096	0.329368072952	1.02946161389	0.342625735943	0.768836778243	0.436471330587	0.663325178032	0.638979159044	0.936740471263	0.554993518644	0.553011098551	0.635174981396	0.582626950875	0.595632190607	0.747019167248	0.815424631176	0.537535774221	0.817188524994	0.529698970494	0.314891907984	0.490910056312	0.659452289126	0.279926336744	0.776986482745	0.696279582071	0.444368554784	0.459605105895	0.413534336987	0.78203558967	0.298540898321	0.378732545157	0.453166135286	0.710845260155	0.269156291005	0.687778177678	0.706919442015	0.748215568609	0.469835603628
10317.000040003	0.392103395409	0.326775492285	0.391186972959	0.470100420187	0.648649752787	0.496696558428	0.346593663676	0.216216280858	0.228348383858	0.299024140876	0.323628214397	0.370248637176	0.242109532152	0.476162299305	0.408837677095	0.320341109995	0.360444415041	0.248997447963	0.394148183108	0.33716434995	0.513062919005	0.0	0.41860699889	0.334702863115	0.48594395899	0.392836861546	0.316850825025	0.720159009742	0.456943475677	0.240595326698	0.447395715165	0.913640817865	0.481588882857	0.482791213785	0.419698046586	0.427794223679	0.290257821702	0.329690363158	0.695496814354	0.592085728859	0.321239559688	0.539995107841	0.394486000198	0.261164822777	0.851946156535	0.232561327977	0.809054494048	0.276447243574	0.686206823812	0.35352712341	0.310294517647	0.227426380154	0.422618705678	0.319086192537	0.62166074178	0.483744640314	0.446453865544	0.564246515828	0.725418085052	0.305533194165	0.494015077705	0.328728210339	0.377989946114	0.328952425474	0.633481268506	0.303400975776	0.260957443282	0.324229273267	0.374404913698	0.292386690202	0.507969208365	0.509916388363	0.420871585582	0.564617134683	0.210035921941	0.364865011421	0.394554144661	0.438548302598	0.441507083628	0.814815918245	0.428288883162	0.281627075751	0.550320605856	0.236301108654	0.547593266903	0.362818376415	0.350737637392	0.233710824054	0.482601335033	0.40200346493	0.387950792164	0.471961368895	0.462994769533	0.235872886847
10317.000023965	0.390082852569	0.485337885306	0.440309242357	0.53242359754	0.750662746935	0.523256818013	0.529829285485	0.383393946397	0.344335546073	0.366088140558	0.344836874021	0.400321791804	0.366541245225	0.476517715785	0.402688745767	0.381066957811	0.426398693761	0.439105480032	0.395202328638	0.376273034542	0.578276276832	0.41860699889	0.0	0.41465847765	0.653819092826	0.433747783453	0.478263011064	0.518999441186	0.484467060968	0.33567279148	0.43255218012	0.637643953688	0.477021170858	0.494783568502	0.533469538673	0.526609117117	0.42982411384	0.446521073231	0.703157060129	0.593529212064	0.331866824425	0.571217057422	0.527570991955	0.395906673951	0.874238072005	0.413067820301	0.810649955634	0.479589473815	0.420564498679	0.472700528891	0.322481813124	0.414655605467	0.53621156151	0.413381656532	0.759863205683	0.569003710258	0.518345638566	0.618163750044	0.749362244369	0.442696542267	0.495348097183	0.465383331269	0.365490298131	0.394853493909	0.651066174422	0.389363469363	0.482870236595	0.387660104501	0.235738834417	0.349902033841	0.501401989062	0.548224125441	0.483684025968	0.393363434389	0.392280650239	0.480899008602	0.54697411979	0.47345952383	0.532957831996	0.814405257801	0.422655924189	0.497894254307	0.651010414553	0.37417704454	0.371017498352	0.489384371915	0.462659554075	0.353910824242	0.499857585911	0.519469930349	0.435739925095	0.411331129581	0.377521764762	0.332044040045
10317.000047783	0.272264424685	0.502107185949	0.516121064714	0.291981856318	0.697161792542	0.328152343162	0.54896983449	0.393331129142	0.317228831244	0.42954605258	0.233786754498	0.201100285881	0.330605451971	0.284926380233	0.253601242046	0.281849349284	0.20837431577	0.46979221959	0.209729290791	0.186348193841	0.680248897019	0.334702863115	0.41465847765	0.0	0.548956676607	0.294988015489	0.466595918728	0.523430659235	0.247560585843	0.240339579309	0.225583032815	0.721750977679	0.343223375942	0.289669873379	0.43382847382	0.596144162313	0.37960702172	0.352143767107	0.463397117799	0.378892063038	0.250583773137	0.331275035315	0.541194533361	0.363570168142	0.882902452199	0.397753549879	0.570180108626	0.434566878145	0.566341883575	0.346002158108	0.216550622718	0.388825524503	0.574680897816	0.497529482366	0.640326681738	0.638130165382	0.631826088256	0.740158741069	0.493819503333	0.464676229763	0.288520321783	0.459485306425	0.226610096264	0.201008552153	0.417579785408	0.279310930357	0.351769642209	0.173927422317	0.402469630279	0.271921749994	0.49288242187	0.278321810479	0.489993931313	0.409381848304	0.317501264903	0.514886436819	0.441139368343	0.228804164149	0.629802945185	0.83057593802	0.221027833574	0.49261338429	0.61499996013	0.361000262177	0.377983563051	0.541548262106	0.544496230278	0.317641742441	0.245744245053	0.579074746147	0.261382887453	0.28077586873	0.298987477288	0.315153523663
10317.000031484	0.605344537564	0.505830302092	0.593966085383	0.66911804871	0.628501155453	0.654588825669	0.471850890176	0.496367358209	0.530572829211	0.558655388581	0.598487033783	0.599150937313	0.519131189648	0.646277699518	0.636264557131	0.536086456806	0.559173767594	0.489772133049	0.586433852479	0.54016056664	0.509546537952	0.48594395899	0.653819092826	0.548956676607	0.0	0.579629316151	0.528708057544	0.865966986044	0.542126640248	0.50298949448	0.573238304439	1.02635775498	0.673450778782	0.433772635785	0.56352673226	0.53939136529	0.591614814282	0.489165610685	0.874299663308	0.788385054338	0.579262504262	0.746016489059	0.480290190433	0.44201506516	0.809542853722	0.479896217784	0.96534675906	0.475235416003	0.810669829745	0.520655944255	0.570869084527	0.481420203068	0.512973173326	0.547927378993	0.327974484928	0.588814525634	0.571968918432	0.691992348666	0.907063580811	0.506232264122	0.690525332883	0.506170289744	0.571605823621	0.552339447371	0.829026413282	0.494265095391	0.427962356369	0.537850253787	0.622004462395	0.564681592122	0.663396065352	0.673996777328	0.474184287957	0.728752371732	0.491890149177	0.464471988369	0.329296369547	0.516224961592	0.568396534365	0.799866680235	0.645263847139	0.479853996818	0.569637470839	0.446887039933	0.698094607907	0.457459196562	0.503553348164	0.503733223202	0.60223861375	0.524616373469	0.588256558544	0.628333385124	0.584011369537	0.49720198498
10317.000062952	0.256076151786	0.540450984176	0.518824906327	0.394197402844	0.709574716444	0.371246491067	0.552810285023	0.422386890467	0.384137146657	0.466004388331	0.367184324114	0.325613714246	0.415929245532	0.376301672351	0.365889780235	0.379233666565	0.295266933481	0.445452911243	0.320345875429	0.30036165981	0.658527676794	0.392836861546	0.433747783453	0.294988015489	0.579629316151	0.0	0.532778810094	0.566493993792	0.343561546774	0.354368222684	0.312593183739	0.738764937122	0.441607524019	0.389643869573	0.472524034758	0.614219194064	0.33347940871	0.3953736899	0.60462056482	0.494062166292	0.334857517765	0.463169356836	0.575389054679	0.362134109334	0.912116292751	0.43078191793	0.696068014656	0.434691699177	0.605762459407	0.352118519747	0.350415044888	0.450407318566	0.620868438828	0.507437061627	0.691365742691	0.671387384584	0.615853777419	0.75892097792	0.636761258153	0.48041720652	0.404270386636	0.516247231263	0.272101084599	0.253697044585	0.546030503857	0.309898350672	0.395878947082	0.256608228037	0.415203838832	0.372541721896	0.524013339337	0.407021317804	0.516435480287	0.446761582606	0.399225179999	0.517248934098	0.460901882227	0.327009839252	0.636670931949	0.854314008688	0.361694371494	0.479111168623	0.672335201702	0.367770626802	0.421557546591	0.555320674059	0.528130555834	0.39122769277	0.352134780471	0.60376065062	0.257671067239	0.337917004529	0.326629472767	0.361082726861
10317.000049934	0.465095076276	0.268752833487	0.391377928072	0.559095704819	0.639283118382	0.557205991695	0.346007521139	0.292177147546	0.288348631034	0.363313683213	0.367567320995	0.406191119705	0.365666588119	0.504203505262	0.428601173399	0.400480637222	0.42893659663	0.259935746058	0.469573534795	0.423353238109	0.458666776138	0.316850825025	0.478263011064	0.466595918728	0.528708057544	0.532778810094	0.0	0.7824805105	0.514827742548	0.326959615948	0.523261941593	0.945167496667	0.528008420679	0.56837168179	0.520774564558	0.349562131373	0.425063051135	0.430747205477	0.755171938792	0.651465805885	0.390506784883	0.577411571093	0.414419015802	0.365573229574	0.796718782504	0.287591090586	0.839546305802	0.358523874241	0.690977434783	0.444855917802	0.357254610992	0.218169669126	0.331559421823	0.396364865262	0.635796424466	0.341585585766	0.392513225354	0.447568006026	0.78461888712	0.206021908269	0.553321284514	0.166577698066	0.415087887282	0.435603495732	0.692623101894	0.395729411615	0.423559315578	0.453618995381	0.496053324018	0.363433432161	0.537797922645	0.607128791343	0.436656516247	0.656093885358	0.338183959724	0.294842448414	0.471874060083	0.524371759462	0.287068002166	0.743124839547	0.482784803286	0.357142810455	0.538538181769	0.331686047365	0.637219819677	0.339967192018	0.234927065337	0.314603953111	0.546549178128	0.338038701214	0.500992837005	0.53217496277	0.591732047637	0.286593100629
